9, 77.7890955878411
12, 77.7890955878411
2, 77.78373451991637
8, 63.88248539108991
9, 64.61159062885326
10, 77.78373451991637
13, 77.7890955878411
14, 84.30815418431351
4, 77.80517879161529
7, 77.81053985954001
4, 77.84806733501314
9, 77.7890955878411
11, 77.7890955878411
2, 77.7730123840669
7, 77.77837345199164
9, 68.8200289497668
5, 77.7890955878411
6, 67.39398488178846
7, 67.4207902214121
9, 67.42615128933683
10, 77.7890955878411
2, 77.7890955878411
7, 77.84806733501314
2, 77.88559481048625
4, 96.35447381118318
6, 96.35983487910792
7, 86.69919047874336
6, 77.7890955878411
9, 94.19932450544148
4, 77.7890955878411
3, 77.7890955878411
5, 77.79981772369057
6, 95.33050983755965
7, 79.58505334262586
8, 79.6654693614968
10, 79.74052431244304
11, 95.31978770171018
3, 77.8427062670884
13, 78.87739237656142
6, 77.88559481048625
9, 95.29298236208653
2, 77.7890955878411
8, 77.7890955878411
9, 77.79445665576583
13, 64.92253256848764
14, 77.7890955878411
2, 77.8427062670884
12, 77.84806733501314
16, 92.74111402991475
5, 77.7890955878411
8, 90.86474025625904
2, 80.76984935399132
6, 80.76448828606658
2, 77.8427062670884
2, 77.7890955878411
7, 77.7890955878411
5, 77.7890955878411
7, 77.79445665576583
12, 96.44025089797887
4, 77.7890955878411
5, 77.7890955878411
4, 77.84806733501314
5, 77.85342840293787
8, 94.59068246394682
12, 95.6200075054951
2, 77.7890955878411
2, 77.7890955878411
5, 68.69136331957326
8, 68.7181686591969
6, 77.7890955878411
5, 77.8427062670884
5, 77.7890955878411
8, 77.79445665576583
11, 77.5264032595293
4, 77.8427062670884
5, 78.7701710180668
2, 77.7890955878411
6, 77.7890955878411
13, 92.76255830161368
14, 92.76791936953842
4, 77.7890955878411
7, 77.7890955878411
2, 77.7890955878411
2, 77.7890955878411
2, 77.8427062670884
6, 67.53337264783144
2, 77.7890955878411
4, 78.76480995014207
3, 77.7890955878411
9, 77.7890955878411
10, 77.79445665576583
12, 81.30595614646438
5, 77.7890955878411
12, 77.79445665576583
13, 77.79981772369057
14, 69.3990242856377
10, 77.8427062670884
7, 77.7890955878411
8, 77.7890955878411
2, 77.7890955878411
5, 69.51696777998177
8, 65.01903179113279
9, 65.04047606283171
11, 77.78373451991637
2, 77.7890955878411
7, 77.79445665576583
7, 77.7890955878411
8, 68.0855626440787
9, 67.63523293840133
8, 77.8427062670884
2, 77.79445665576583
5, 77.79981772369057
11, 69.313247198842
13, 69.32396933469147
4, 77.7890955878411
2, 77.7890955878411
5, 77.79445665576583
2, 80.77521042191604
2, 77.7890955878411
3, 69.45263496488501
4, 69.45263496488501
6, 69.44727389696027
11, 77.78373451991637
7, 77.79445665576583
14, 77.85342840293787
8, 77.7890955878411
9, 77.7890955878411
10, 77.79445665576583
4, 77.79445665576583
6, 69.14705409317536
8, 69.1524151611001
10, 69.15777622902482
8, 77.7890955878411
9, 88.46298182597974
6, 77.7890955878411
8, 77.7890955878411
9, 77.84806733501314
12, 94.8319305205597
2, 77.76229024821744
5, 67.50120624028307
6, 67.51728944405725
2, 77.8427062670884
6, 61.582587251380474
9, 61.59867045515467
10, 77.78373451991637
2, 77.7890955878411
2, 80.77521042191604
4, 77.8427062670884
5, 77.8427062670884
6, 77.7890955878411
12, 78.52892296145392
9, 77.7890955878411
2, 77.88559481048625
3, 77.7890955878411
5, 81.89567361818474
6, 95.36803731303276
11, 77.7890955878411
12, 68.73961293089583
7, 78.06787111992709
2, 77.7890955878411
3, 75.93952715380904
6, 76.04138744437893
4, 77.7890955878411
6, 96.7404707017638
7, 96.79944244893582
2, 77.7890955878411
2, 77.8427062670884
10, 78.44850694258297
5, 77.7890955878411
2, 77.8427062670884
8, 66.40754838363802
9, 66.41290945156275
10, 77.78373451991637
11, 66.58982469307887
2, 77.7890955878411
12, 92.96091781482872
2, 77.7890955878411
6, 67.86575885916474
7, 66.29496595721868
8, 66.39682624778855
9, 66.41290945156275
4, 77.7890955878411
3, 80.76984935399132
5, 80.77521042191604
4, 77.7890955878411
4, 77.7890955878411
2, 77.78373451991637
2, 77.7890955878411
2, 77.7890955878411
14, 77.88559481048625
2, 77.77837345199164
5, 67.76925963651959
7, 67.76925963651959
10, 67.77462070444433
6, 77.7890955878411
3, 77.7890955878411
14, 77.7890955878411
4, 77.7890955878411
6, 77.7890955878411
10, 95.53423041869941
11, 95.53959148662413
12, 87.53015600707661
16, 87.51407280330241
8, 78.06787111992709
7, 77.7890955878411
5, 77.7890955878411
2, 77.7890955878411
4, 87.70171018066799
6, 95.40020372058115
7, 95.41628692435533
9, 83.14480244464697
2, 77.7890955878411
3, 77.79445665576583
5, 77.7890955878411
2, 77.7890955878411
7, 77.74084597651853
8, 65.50152790435855
8, 77.7890955878411
11, 77.79981772369057
2, 77.7890955878411
12, 77.79981772369057
15, 77.7890955878411
2, 77.7890955878411
3, 68.86827856108937
2, 77.7890955878411
5, 77.79445665576583
2, 77.7890955878411
5, 77.7890955878411
9, 78.81305956146464
10, 78.87203130863668
2, 77.78373451991637
4, 77.7890955878411
7, 77.79445665576583
11, 77.7890955878411
6, 77.7890955878411
8, 94.6389320752694
9, 77.7890955878411
6, 77.7890955878411
9, 93.59352382994693
2, 77.7890955878411
3, 66.3700209081649
8, 69.36149681016458
9, 69.39366321771297
11, 69.88688146678818
3, 77.7890955878411
6, 93.6417734412695
4, 77.7890955878411
9, 77.79445665576583
11, 77.86951160671205
2, 77.7890955878411
3, 69.28108079129363
5, 77.78373451991637
8, 77.7890955878411
9, 77.79445665576583
2, 77.7890955878411
9, 77.84806733501314
6, 77.7890955878411
3, 77.7890955878411
5, 77.79445665576583
6, 64.96542111188549
9, 78.23406422559374
11, 78.26623063314211
2, 80.76984935399132
5, 81.3113172143891
10, 81.37028896156114
8, 77.7890955878411
2, 77.7890955878411
3, 77.81053985954001
7, 96.41344555835522
11, 87.87326435425936
10, 77.7890955878411
9, 77.7890955878411
12, 77.79445665576583
16, 65.89288586286388
2, 77.7730123840669
14, 77.77837345199164
11, 77.79445665576583
4, 77.7890955878411
9, 77.8427062670884
10, 77.85878947086259
7, 77.7890955878411
10, 77.79981772369057
9, 77.79445665576583
7, 77.7890955878411
8, 69.77429904036885
2, 77.7890955878411
3, 77.85878947086259
10, 77.7890955878411
4, 77.84806733501314
5, 76.70615986704551
8, 76.7222430708197
5, 77.7890955878411
8, 77.78373451991637
10, 68.04267410068086
2, 77.84806733501314
3, 77.85342840293787
3, 77.7890955878411
5, 77.84806733501314
6, 78.81842062938938
3, 77.7890955878411
7, 85.70203184474347
7, 77.7890955878411
8, 77.79981772369057
3, 77.7890955878411
6, 77.7890955878411
7, 77.79445665576583
11, 93.21288800729106
16, 79.25266713129255
17, 79.27411140299148
2, 77.7890955878411
2, 77.7890955878411
11, 77.7890955878411
14, 94.87481906395755
7, 77.7890955878411
7, 77.7890955878411
5, 77.7890955878411
8, 77.82126199538948
5, 77.7890955878411
10, 78.1750924784217
13, 78.23406422559374
3, 80.76984935399132
2, 77.7890955878411
4, 77.8427062670884
2, 77.8427062670884
3, 76.65254918779821
13, 77.81590092746475
3, 77.7890955878411
10, 77.85342840293787
7, 77.7890955878411
9, 93.2396933469147
12, 93.29866509408674
7, 77.7890955878411
2, 77.7890955878411
4, 77.7890955878411
10, 77.84806733501314
16, 60.69801104379992
2, 77.7890955878411
6, 78.92564198788399
6, 77.7890955878411
2, 77.79981772369057
11, 77.7890955878411
3, 77.7890955878411
11, 77.79445665576583
5, 77.8427062670884
8, 77.7890955878411
10, 81.41853857288372
4, 77.7890955878411
2, 77.7890955878411
4, 77.7890955878411
7, 95.11070605264568
4, 77.83734519916368
5, 78.87739237656142
2, 77.77837345199164
6, 80.76984935399132
5, 77.85342840293787
7, 77.85878947086259
4, 77.77837345199164
5, 75.01742347075538
9, 75.06567308207795
2, 77.7890955878411
3, 77.79445665576583
4, 77.7890955878411
8, 79.00605800675494
11, 88.35576046748513
2, 77.84806733501314
6, 77.8427062670884
7, 77.84806733501314
8, 77.7890955878411
2, 77.8427062670884
3, 66.15021712325095
4, 77.7890955878411
5, 77.8427062670884
2, 77.7890955878411
3, 68.78250147429368
7, 68.78250147429368
2, 77.79445665576583
8, 77.79981772369057
9, 67.95153594596043
11, 68.02122982898193
5, 77.79445665576583
12, 77.79981772369057
2, 77.7890955878411
2, 77.8427062670884
3, 77.84806733501314
4, 67.9783412855841
5, 67.98370235350882
6, 77.7890955878411
7, 92.62317053557068
10, 96.30622419986061
5, 77.7890955878411
8, 77.78373451991637
4, 77.8427062670884
2, 77.79445665576583
2, 77.79445665576583
6, 69.4687181686592
3, 77.7890955878411
2, 77.7890955878411
5, 77.84806733501314
9, 92.52667131292553
2, 77.79445665576583
5, 77.79981772369057
14, 66.43435372326168
15, 66.49332547043372
6, 77.88559481048625
6, 77.9124001501099
4, 77.7890955878411
2, 77.7890955878411
3, 77.79981772369057
3, 77.79445665576583
4, 77.79445665576583
6, 77.79981772369057
4, 77.79445665576583
6, 77.79981772369057
9, 94.46737790167802
8, 77.8427062670884
2, 77.80517879161529
6, 63.84495791561679
8, 63.86104111939098
2, 77.88559481048625
3, 81.74020264836756
7, 77.80517879161529
5, 77.7890955878411
4, 77.8427062670884
8, 77.7890955878411
2, 77.8427062670884
2, 77.79445665576583
5, 77.85342840293787
6, 77.53712539537877
7, 77.63898568594864
7, 77.79981772369057
10, 77.85878947086259
2, 77.8427062670884
3, 78.66294965957219
8, 78.66831072749692
2, 77.7890955878411
2, 80.77521042191604
12, 96.3920012866563
5, 77.7890955878411
7, 77.8427062670884
11, 66.63807430440144
4, 77.7890955878411
6, 77.79445665576583
4, 77.8427062670884
6, 78.7004771350453
8, 77.7890955878411
9, 77.89095587841098
4, 77.7890955878411
8, 77.79445665576583
2, 77.8427062670884
9, 77.70867956897014
14, 78.04106578030344
9, 77.7890955878411
10, 77.7890955878411
13, 79.2097785878947
8, 77.7890955878411
9, 69.74213263282046
5, 77.7890955878411
2, 77.80517879161529
2, 77.7890955878411
3, 77.7890955878411
7, 95.35195410925857
11, 77.84806733501314
15, 77.85342840293787
3, 77.7890955878411
9, 77.79445665576583
6, 77.7890955878411
11, 63.86104111939098
12, 63.871763255240445
2, 77.8427062670884
7, 77.7890955878411
7, 77.7890955878411
11, 77.79445665576583
5, 77.88559481048625
6, 77.8427062670884
7, 67.47440090065942
9, 67.51192837613253
8, 77.84806733501314
7, 77.7890955878411
10, 77.66042995764757
11, 77.66579102557229
12, 63.871763255240445
14, 63.87712432316518
16, 65.6677210100252
9, 77.8427062670884
12, 78.30375810861524
15, 78.30911917653997
7, 77.7890955878411
8, 91.85117675440948
2, 77.78373451991637
6, 77.7890955878411
9, 77.79445665576583
5, 77.7890955878411
7, 87.65882163727015
2, 77.7890955878411
2, 77.7890955878411
8, 86.73135688629175
9, 77.8427062670884
7, 77.75692918029272
7, 77.7890955878411
2, 77.78373451991637
8, 77.7890955878411
3, 77.7890955878411
9, 77.85342840293787
8, 77.83734519916368
5, 77.7890955878411
7, 77.8427062670884
13, 78.69511606712057
7, 77.8427062670884
7, 77.8427062670884
8, 77.7890955878411
8, 77.79981772369057
12, 79.22050072374417
2, 77.8427062670884
3, 77.84806733501314
12, 78.83450383316357
2, 77.8427062670884
6, 78.84522596901303
5, 77.7890955878411
9, 92.76255830161368
2, 77.7890955878411
7, 77.84806733501314
2, 77.8427062670884
8, 78.80769849353992
4, 77.77837345199164
8, 77.78373451991637
2, 77.7890955878411
9, 77.79445665576583
2, 77.84806733501314
3, 79.25266713129255
5, 79.25802819921728
7, 93.47021926767812
7, 77.7890955878411
4, 77.8427062670884
6, 77.84806733501314
3, 78.1053985954002
2, 77.80517879161529
7, 77.81053985954001
2, 77.78373451991637
8, 77.7890955878411
9, 77.79445665576583
5, 77.7890955878411
2, 77.7890955878411
8, 77.0707124859272
12, 77.07607355385193
8, 78.04106578030344
14, 78.04642684822817
9, 77.7890955878411
6, 77.84806733501314
3, 77.7890955878411
8, 77.85878947086259
13, 77.7890955878411
7, 77.7890955878411
12, 96.34375167533372
2, 77.7890955878411
4, 77.8427062670884
13, 77.7890955878411
14, 77.84806733501314
6, 77.7890955878411
3, 77.7890955878411
4, 77.7890955878411
8, 77.79445665576583
10, 66.95973837988527
13, 66.97046051573473
8, 77.84806733501314
4, 77.7890955878411
9, 77.7890955878411
9, 77.7890955878411
11, 77.7890955878411
9, 77.8427062670884
3, 77.7890955878411
4, 77.86951160671205
7, 77.7890955878411
10, 77.79445665576583
10, 77.7890955878411
2, 77.7890955878411
4, 77.79445665576583
8, 68.7503350667453
2, 77.7890955878411
6, 77.79981772369057
8, 94.05457567147376
5, 77.88559481048625
10, 95.4806197394521
11, 77.7890955878411
4, 77.7890955878411
5, 77.78373451991637
14, 86.33999892778641
4, 77.7890955878411
6, 77.7890955878411
7, 68.97549991958398
8, 68.98622205543344
7, 77.7890955878411
9, 83.80421379938883
4, 78.1053985954002
5, 78.11075966332493
9, 66.44507585911113
11, 66.48260333458425
5, 77.8427062670884
6, 66.99190478743365
7, 67.14737575725084
11, 77.78373451991637
5, 77.7890955878411
10, 77.84806733501314
2, 80.76984935399132
3, 80.82882110116336
7, 77.78373451991637
8, 77.7890955878411
9, 68.8200289497668
2, 77.7890955878411
2, 77.76765131614218
5, 66.45043692703587
3, 77.7890955878411
10, 67.52801157990672
11, 67.54945585160564
12, 77.78373451991637
18, 64.8099501420683
2, 77.8427062670884
3, 76.51852248967994
9, 66.3003270251434
2, 77.84806733501314
3, 65.26027984774566
4, 65.2656409156704
5, 65.27636305151987
6, 77.78373451991637
7, 77.7890955878411
7, 77.7890955878411
6, 77.8427062670884
19, 77.7890955878411
2, 77.78373451991637
6, 69.14169302525063
7, 77.85342840293787
4, 77.7890955878411
5, 77.79445665576583
5, 77.79445665576583
6, 68.97549991958398
4, 77.7890955878411
2, 77.7890955878411
8, 77.7890955878411
3, 77.7890955878411
4, 92.80544684501153
7, 77.84806733501314
4, 77.7890955878411
10, 83.13408030879751
8, 77.7890955878411
5, 77.7890955878411
3, 77.7890955878411
7, 92.08706374309763
10, 95.31442663378544
2, 77.85342840293787
2, 77.8427062670884
9, 80.82882110116336
3, 80.77521042191604
9, 80.83418216908808
10, 95.34123197340911
2, 77.7890955878411
5, 95.35195410925857
9, 95.3573151771833
2, 77.7890955878411
4, 80.55004556907735
4, 77.7890955878411
5, 77.74620704444325
7, 79.02750227845387
2, 77.8427062670884
5, 77.77837345199164
6, 77.6497078217981
6, 77.79445665576583
12, 66.84715595346593
3, 77.7890955878411
5, 96.68149895459176
2, 77.8427062670884
3, 66.3861041119391
4, 66.39682624778855
2, 77.7890955878411
9, 77.84806733501314
11, 77.85342840293787
2, 77.7890955878411
3, 92.22109044121589
9, 77.7890955878411
9, 77.78373451991637
10, 63.91465179863829
9, 77.7890955878411
10, 77.79445665576583
2, 77.7890955878411
6, 96.41344555835522
2, 77.84806733501314
3, 77.85342840293787
6, 67.21170857234762
13, 67.21706964027234
15, 85.36964563341017
16, 84.37248699941028
2, 77.78373451991637
5, 65.62483246662735
12, 65.63019353455208
13, 65.63555460247682
14, 77.78373451991637
4, 77.8427062670884
6, 78.25014742936793
5, 77.7890955878411
9, 63.90929073071356
5, 77.7890955878411
8, 77.79445665576583
8, 77.7890955878411
13, 77.79445665576583
2, 77.7890955878411
3, 77.79445665576583
2, 77.8427062670884
7, 77.7890955878411
2, 77.7890955878411
5, 65.35677907039083
6, 65.7213316892725
9, 65.72669275719723
11, 65.96794081381012
12, 77.7890955878411
13, 78.85058703693775
2, 77.7890955878411
4, 77.79445665576583
9, 77.79981772369057
5, 77.76229024821744
6, 77.76765131614218
10, 77.7890955878411
3, 77.7890955878411
11, 96.69222109044122
2, 77.7890955878411
3, 77.79445665576583
4, 77.86951160671205
4, 77.8427062670884
8, 77.84806733501314
2, 77.8427062670884
7, 77.79445665576583
10, 79.31163887846459
4, 77.7890955878411
6, 77.88559481048625
10, 77.93920548973355
13, 78.87739237656142
14, 77.81053985954001
16, 93.5881627620222
3, 77.7890955878411
4, 77.75692918029272
10, 67.77462070444433
13, 67.77462070444433
14, 67.77998177236906
6, 77.7890955878411
9, 77.85342840293787
11, 77.7890955878411
2, 77.80517879161529
3, 77.54248646330349
4, 66.71312925534767
5, 66.71849032327239
6, 66.72385139119713
7, 66.83643381761647
9, 77.7890955878411
4, 77.78373451991637
5, 77.79445665576583
9, 78.93636412373345
5, 77.7890955878411
6, 77.79445665576583
4, 77.7890955878411
5, 95.11606712057042
2, 77.8427062670884
4, 77.7890955878411
6, 77.79445665576583
12, 66.69704605157348
13, 77.7890955878411
2, 77.79445665576583
5, 78.35736878786254
6, 78.36272985578728
3, 77.7890955878411
4, 81.54184313515252
2, 77.7890955878411
3, 77.79445665576583
4, 77.81590092746475
11, 77.82126199538948
13, 94.39232295073178
5, 77.79445665576583
6, 81.30595614646438
4, 77.7890955878411
10, 77.80517879161529
8, 77.88559481048625
2, 77.7890955878411
2, 77.84806733501314
3, 67.4904841044336
4, 67.522650511982
7, 67.53337264783144
8, 67.56553905537983
9, 77.81590092746475
11, 77.7890955878411
