2, 81.44534391250737
3, 62.129416179703
4, 81.44534391250737
5, 81.44534391250737
6, 73.81118318769099
7, 84.33495952393717
8, 84.35104272771136
10, 64.38106470808985
2, 81.44534391250737
3, 84.7424006862167
5, 81.48287138798048
6, 81.42926070873318
7, 81.88495148233528
8, 64.38106470808985
9, 64.38106470808985
10, 82.38353079933523
11, 64.38106470808985
3, 81.44534391250737
4, 78.82914276523884
5, 81.44534391250737
6, 64.38106470808985
7, 81.44534391250737
11, 64.38106470808985
12, 90.98268375060312
2, 81.44534391250737
3, 82.12083847102343
5, 80.86634857663647
6, 64.38106470808985
8, 80.86634857663647
9, 73.76829464429315
11, 85.43933951643167
12, 85.43933951643167
2, 81.44534391250737
3, 83.91143515788345
5, 64.38106470808985
6, 81.44534391250737
7, 64.38106470808985
8, 81.44534391250737
9, 64.38106470808985
10, 89.57272288639896
11, 64.38106470808985
12, 90.66101967511928
2, 81.44534391250737
3, 81.10759663324934
4, 81.44534391250737
5, 81.44534391250737
6, 64.38106470808985
7, 81.44534391250737
8, 64.38106470808985
10, 85.43397844850695
11, 64.38106470808985
2, 81.44534391250737
3, 82.12083847102343
4, 64.38106470808985
5, 64.38106470808985
6, 81.44534391250737
7, 81.44534391250737
8, 64.38106470808985
9, 82.22805982951805
10, 64.38106470808985
12, 82.65158419557176
2, 81.44534391250737
3, 83.91143515788345
4, 81.44534391250737
5, 64.38106470808985
6, 81.44534391250737
7, 87.77676513161421
8, 64.38106470808985
9, 84.30279311638878
10, 64.38106470808985
11, 64.38106470808985
3, 81.44534391250737
4, 84.84962204471131
5, 64.38106470808985
6, 81.44534391250737
8, 64.38106470808985
2, 81.44534391250737
3, 82.12083847102343
4, 64.38106470808985
8, 64.38106470808985
11, 81.44534391250737
3, 81.44534391250737
4, 64.38106470808985
5, 81.44534391250737
6, 64.38106470808985
8, 81.44534391250737
9, 64.38106470808985
10, 81.44534391250737
11, 64.38106470808985
12, 82.23342089744277
3, 81.44534391250737
5, 83.00541467860398
8, 81.44534391250737
9, 81.44534391250737
10, 81.44534391250737
11, 64.38106470808985
12, 64.38106470808985
2, 81.44534391250737
3, 83.91143515788345
4, 81.44534391250737
5, 81.44534391250737
6, 64.38106470808985
8, 81.4667881842063
9, 64.38106470808985
10, 64.38106470808985
11, 85.17128612019515
12, 85.17128612019515
2, 81.44534391250737
3, 82.12083847102343
4, 64.38106470808985
5, 80.86634857663647
7, 81.44534391250737
8, 81.44534391250737
10, 73.76829464429315
11, 85.98080737682946
12, 85.98080737682946
13, 64.38106470808985
14, 82.43714147858253
15, 64.38106470808985
16, 82.17444915027073
2, 81.44534391250737
3, 83.91143515788345
5, 81.44534391250737
6, 81.44534391250737
7, 81.44534391250737
8, 64.38106470808985
9, 81.44534391250737
10, 64.38106470808985
2, 81.44534391250737
4, 83.91143515788345
9, 64.38106470808985
12, 80.86634857663647
4, 81.44534391250737
5, 73.87551600278776
6, 81.44534391250737
7, 81.44534391250737
8, 64.38106470808985
9, 81.5900927464751
10, 82.24414303329223
11, 64.38106470808985
12, 64.38106470808985
2, 81.44534391250737
3, 73.69323969334691
4, 81.44534391250737
5, 64.38106470808985
7, 76.99029646705624
8, 81.44534391250737
10, 64.38106470808985
11, 89.86758162225915
3, 81.44534391250737
4, 64.38106470808985
5, 81.77236905591595
6, 64.38106470808985
7, 81.46142711628157
8, 64.38106470808985
9, 82.28167050876534
2, 81.44534391250737
3, 64.38106470808985
4, 85.15520291642095
5, 64.38106470808985
6, 81.44534391250737
7, 64.38106470808985
10, 82.3245590521632
11, 64.38106470808985
12, 82.26558730499116
2, 81.44534391250737
3, 64.38106470808985
4, 64.38106470808985
5, 81.44534391250737
6, 64.38106470808985
7, 81.7670079879912
8, 64.38106470808985
9, 64.38106470808985
10, 87.45510105613037
11, 87.45510105613037
12, 64.38106470808985
13, 83.85782447863615
15, 64.38106470808985
3, 81.44534391250737
4, 64.38106470808985
5, 64.38106470808985
6, 84.75848388999088
7, 81.44534391250737
8, 81.44534391250737
9, 81.44534391250737
10, 64.38106470808985
11, 85.47150592398006
13, 85.47150592398006
14, 64.38106470808985
15, 86.29174931646384
2, 81.44534391250737
3, 62.95502064011151
4, 81.44534391250737
6, 81.44534391250737
7, 83.00005361067925
9, 85.53583873907682
10, 85.53583873907682
2, 81.44534391250737
3, 78.82914276523884
4, 81.44534391250737
5, 81.44534391250737
6, 81.44534391250737
7, 64.38106470808985
8, 82.5014742936793
9, 64.38106470808985
10, 82.99469254275452
11, 64.38106470808985
12, 85.28922961453921
2, 81.44534391250737
3, 64.38106470808985
4, 81.44534391250737
5, 64.38106470808985
6, 81.44534391250737
7, 73.83262745938991
8, 83.71843671259315
9, 83.85782447863615
3, 81.44534391250737
4, 78.82914276523884
5, 64.38106470808985
7, 81.44534391250737
8, 64.38106470808985
9, 81.44534391250737
3, 81.44534391250737
4, 83.91143515788345
5, 81.44534391250737
6, 81.44534391250737
7, 64.38106470808985
8, 64.38106470808985
9, 89.73891599206561
10, 64.38106470808985
3, 81.44534391250737
4, 84.7424006862167
5, 81.44534391250737
6, 64.38106470808985
7, 81.46142711628157
8, 64.38106470808985
9, 84.84426097678657
2, 81.44534391250737
3, 62.75130005897175
4, 81.44534391250737
5, 81.44534391250737
6, 64.38106470808985
8, 87.69098804481852
9, 64.38106470808985
10, 85.06942582962526
11, 64.38106470808985
2, 81.44534391250737
3, 81.03790275022784
4, 64.38106470808985
6, 81.44534391250737
8, 64.38106470808985
9, 85.27850747868976
10, 64.38106470808985
11, 82.19053235404492
13, 64.38106470808985
2, 81.44534391250737
3, 82.66766739934594
5, 81.45606604835683
6, 77.01710180667989
7, 64.38106470808985
8, 83.12335817294804
9, 64.38106470808985
10, 88.18420629389374
11, 64.38106470808985
12, 90.35543880340964
2, 81.44534391250737
3, 78.82914276523884
4, 81.44534391250737
5, 81.44534391250737
6, 81.47214925213102
7, 64.38106470808985
8, 82.43178041065781
9, 64.38106470808985
10, 64.38106470808985
2, 81.44534391250737
3, 83.91143515788345
4, 80.83418216908808
6, 81.44534391250737
7, 81.44534391250737
8, 64.38106470808985
9, 87.8786254221841
10, 64.38106470808985
2, 81.44534391250737
3, 78.82914276523884
6, 81.44534391250737
7, 64.38106470808985
9, 81.44534391250737
10, 64.38106470808985
11, 81.44534391250737
13, 64.38106470808985
3, 81.44534391250737
4, 78.82914276523884
5, 62.95502064011151
6, 81.44534391250737
3, 81.44534391250737
4, 83.91143515788345
6, 81.44534391250737
7, 81.44534391250737
3, 81.44534391250737
4, 83.91143515788345
5, 81.44534391250737
7, 81.44534391250737
8, 64.38106470808985
9, 64.38106470808985
10, 82.39961400310942
2, 81.44534391250737
3, 82.12083847102343
4, 64.38106470808985
6, 81.44534391250737
7, 64.38106470808985
8, 81.44534391250737
9, 64.38106470808985
10, 83.85782447863615
11, 64.38106470808985
12, 82.29775371253953
2, 81.44534391250737
3, 82.12083847102343
4, 80.86634857663647
6, 81.44534391250737
7, 81.44534391250737
9, 64.38106470808985
10, 73.88087707071249
12, 89.33147482978609
13, 89.36364123733448
2, 81.44534391250737
3, 83.91143515788345
6, 64.38106470808985
7, 81.44534391250737
8, 83.00005361067925
3, 81.44534391250737
4, 62.95502064011151
5, 81.44534391250737
6, 81.44534391250737
7, 64.38106470808985
8, 82.28703157669008
9, 64.38106470808985
2, 81.44534391250737
3, 64.38106470808985
4, 81.44534391250737
5, 64.38106470808985
7, 64.38106470808985
8, 81.44534391250737
9, 83.85782447863615
10, 83.85782447863615
11, 64.38106470808985
12, 64.38106470808985
15, 82.33528118801266
2, 81.44534391250737
3, 82.83922157293733
5, 81.44534391250737
6, 81.44534391250737
7, 84.50651369752855
2, 81.44534391250737
4, 73.78973891599206
5, 65.24419664397148
6, 81.44534391250737
8, 64.38106470808985
9, 82.24414303329223
3, 81.44534391250737
4, 65.24419664397148
5, 81.44534391250737
6, 64.38106470808985
7, 81.44534391250737
8, 64.38106470808985
2, 81.44534391250737
3, 73.87551600278776
4, 81.44534391250737
5, 81.44534391250737
6, 64.38106470808985
7, 81.44534391250737
8, 64.38106470808985
9, 64.38106470808985
10, 82.46394681820618
11, 64.38106470808985
12, 82.24414303329223
3, 81.44534391250737
4, 64.38106470808985
5, 81.44534391250737
6, 64.38106470808985
7, 81.44534391250737
8, 64.38106470808985
3, 81.44534391250737
4, 73.87551600278776
5, 64.38106470808985
7, 62.64943976840186
8, 81.44534391250737
9, 81.44534391250737
2, 81.44534391250737
4, 64.38106470808985
5, 81.44534391250737
6, 64.38106470808985
7, 81.44534391250737
8, 81.44534391250737
9, 64.38106470808985
10, 90.11419074679677
11, 64.38106470808985
3, 81.44534391250737
5, 64.38106470808985
6, 80.83418216908808
2, 81.44534391250737
4, 82.12083847102343
5, 64.38106470808985
6, 81.44534391250737
7, 64.38106470808985
8, 81.44534391250737
9, 64.38106470808985
2, 81.44534391250737
3, 68.35361604031523
4, 81.44534391250737
5, 81.44534391250737
6, 64.38106470808985
7, 82.33528118801266
2, 81.44534391250737
3, 73.76829464429315
4, 64.40250897978878
5, 81.44534391250737
6, 73.83262745938991
7, 82.31919798423846
8, 82.31919798423846
10, 64.38106470808985
11, 82.587251380475
2, 81.44534391250737
3, 64.38106470808985
4, 81.44534391250737
5, 64.38106470808985
6, 81.44534391250737
7, 64.38106470808985
8, 81.44534391250737
9, 64.38106470808985
11, 64.38106470808985
13, 82.2226987615933
2, 81.44534391250737
3, 64.38106470808985
4, 81.44534391250737
5, 64.38106470808985
6, 64.38106470808985
7, 73.7790167801426
9, 84.68342893904466
10, 84.77456709376507
11, 64.38106470808985
12, 82.27094837291588
13, 64.38106470808985
14, 82.46930788613092
2, 81.44534391250737
3, 64.38106470808985
4, 82.16372701442127
6, 64.38106470808985
7, 80.86634857663647
8, 64.38106470808985
9, 80.86634857663647
10, 83.38605050125985
11, 83.62729855787273
12, 64.38106470808985
2, 81.44534391250737
3, 65.36750120624028
4, 81.44534391250737
5, 81.44534391250737
6, 64.38106470808985
7, 84.39929233903393
8, 64.38106470808985
9, 64.38106470808985
10, 82.34064225593738
11, 64.38106470808985
15, 82.1851712861202
2, 81.44534391250737
3, 64.38106470808985
4, 81.44534391250737
5, 64.38106470808985
6, 81.44534391250737
7, 64.38106470808985
8, 82.2548651691417
9, 64.38106470808985
11, 82.31383691631373
2, 81.44534391250737
3, 64.24703800997159
4, 81.44534391250737
5, 81.46142711628157
6, 64.38106470808985
8, 86.60269125609821
3, 81.44534391250737
4, 83.91143515788345
5, 81.44534391250737
6, 81.44534391250737
7, 64.38106470808985
3, 81.44534391250737
4, 81.12367983702353
6, 81.44534391250737
7, 81.44534391250737
10, 83.00005361067925
12, 84.08298933147483
2, 81.44534391250737
3, 64.38106470808985
4, 81.44534391250737
6, 64.38106470808985
7, 74.37945638771244
8, 64.38106470808985
2, 81.44534391250737
3, 80.83418216908808
4, 64.38106470808985
5, 80.86634857663647
6, 64.38106470808985
3, 81.44534391250737
4, 83.91143515788345
5, 64.38106470808985
6, 80.86634857663647
8, 81.44534391250737
9, 81.44534391250737
10, 64.38106470808985
11, 84.10979467109848
12, 84.33495952393717
2, 81.44534391250737
3, 82.12083847102343
4, 81.44534391250737
5, 64.38106470808985
6, 81.44534391250737
7, 85.29995175038867
8, 64.38106470808985
2, 81.44534391250737
3, 73.87551600278776
4, 64.38106470808985
5, 81.44534391250737
6, 64.38106470808985
10, 64.38106470808985
2, 81.44534391250737
3, 65.24419664397148
4, 81.44534391250737
5, 81.44534391250737
6, 82.27094837291588
7, 64.38106470808985
8, 64.38106470808985
9, 82.20125448989438
10, 82.20125448989438
11, 64.38106470808985
2, 81.44534391250737
3, 80.86634857663647
4, 64.38106470808985
5, 81.44534391250737
6, 73.89159920656195
7, 82.35672545971157
8, 82.35672545971157
9, 64.38106470808985
10, 82.36744759556103
11, 64.38106470808985
12, 82.24414303329223
13, 64.38106470808985
14, 82.3460033238621
2, 81.44534391250737
3, 78.82914276523884
4, 81.44534391250737
5, 81.44534391250737
6, 64.38106470808985
7, 64.38106470808985
9, 83.86854661448561
10, 83.86854661448561
3, 81.44534391250737
4, 83.91143515788345
6, 64.38106470808985
7, 80.86634857663647
8, 64.38106470808985
9, 80.83418216908808
10, 64.38106470808985
12, 64.38106470808985
14, 82.50683536160403
15, 64.38106470808985
16, 84.32423738808771
2, 81.44534391250737
5, 83.91143515788345
6, 64.38106470808985
7, 81.44534391250737
2, 81.44534391250737
3, 64.38106470808985
4, 81.44534391250737
5, 64.38106470808985
6, 81.45606604835683
7, 82.59797351632446
8, 64.38106470808985
9, 84.4636251541307
10, 64.38106470808985
11, 82.53364070122768
12, 64.38106470808985
3, 81.44534391250737
4, 83.91143515788345
6, 81.44534391250737
7, 81.44534391250737
9, 64.38106470808985
3, 81.44534391250737
4, 81.10759663324934
5, 81.44534391250737
6, 64.38106470808985
7, 81.45606604835683
2, 81.44534391250737
3, 64.38106470808985
4, 81.44534391250737
5, 81.44534391250737
5, 81.44534391250737
7, 78.82914276523884
8, 81.44534391250737
9, 81.44534391250737
10, 64.38106470808985
12, 81.44534391250737
13, 84.25454350506621
2, 81.44534391250737
3, 64.38106470808985
4, 77.09215675762611
5, 81.44534391250737
6, 81.44534391250737
7, 64.38106470808985
8, 81.44534391250737
9, 90.43049375435587
2, 81.44534391250737
3, 83.91143515788345
4, 64.38106470808985
6, 81.44534391250737
8, 64.38106470808985
9, 64.38106470808985
10, 83.85782447863615
11, 64.38106470808985
12, 85.93255776550689
13, 64.38106470808985
2, 81.44534391250737
3, 69.69388302149788
4, 81.44534391250737
5, 81.44534391250737
6, 81.52575993137833
7, 64.38106470808985
8, 84.35104272771136
9, 64.38106470808985
2, 81.44534391250737
3, 82.12083847102343
4, 64.38106470808985
5, 81.44534391250737
6, 81.44534391250737
7, 64.38106470808985
2, 81.44534391250737
3, 83.91143515788345
4, 64.38106470808985
5, 80.83418216908808
6, 64.38106470808985
7, 86.83321717686164
8, 64.38106470808985
2, 81.44534391250737
3, 64.38106470808985
5, 83.91143515788345
7, 81.44534391250737
9, 81.44534391250737
11, 64.38106470808985
2, 81.44534391250737
3, 64.38106470808985
4, 81.44534391250737
5, 81.44534391250737
6, 64.38106470808985
7, 64.38106470808985
8, 84.35104272771136
9, 64.38106470808985
10, 82.3245590521632
11, 64.38106470808985
12, 82.5014742936793
2, 81.44534391250737
3, 64.38106470808985
4, 64.38106470808985
5, 81.44534391250737
6, 64.38106470808985
7, 81.44534391250737
10, 64.38106470808985
11, 85.3910899051091
12, 64.38106470808985
13, 82.23878196536751
14, 64.38106470808985
2, 81.44534391250737
3, 80.83418216908808
4, 81.44534391250737
5, 81.44534391250737
7, 81.44534391250737
8, 82.2548651691417
9, 82.2548651691417
10, 64.38106470808985
11, 64.38106470808985
2, 81.44534391250737
3, 80.83418216908808
4, 80.83418216908808
5, 64.38106470808985
6, 82.24414303329223
7, 64.38106470808985
10, 82.62477885594811
11, 64.38106470808985
13, 86.75280115799067
14, 64.38106470808985
15, 83.58441001447488
16, 64.38106470808985
3, 81.44534391250737
4, 67.67812148179918
7, 81.44534391250737
8, 64.38106470808985
9, 81.44534391250737
10, 64.38106470808985
3, 81.44534391250737
4, 83.91143515788345
5, 64.38106470808985
7, 81.44534391250737
8, 64.38106470808985
11, 83.85246341071141
12, 84.06690612770063
3, 81.44534391250737
4, 83.01077574652871
5, 81.44534391250737
6, 81.44534391250737
3, 81.44534391250737
4, 73.78973891599206
5, 81.44534391250737
6, 81.44534391250737
7, 81.44534391250737
8, 64.38106470808985
9, 82.35672545971157
10, 82.35672545971157
11, 64.38106470808985
12, 84.4636251541307
13, 64.38106470808985
14, 85.8467806787112
2, 81.44534391250737
3, 64.38106470808985
5, 81.44534391250737
6, 64.38106470808985
7, 64.38106470808985
8, 81.44534391250737
9, 85.73955932021659
2, 81.44534391250737
3, 82.12083847102343
4, 80.86634857663647
7, 64.38106470808985
8, 64.38106470808985
9, 81.44534391250737
10, 64.38106470808985
11, 84.55476330885112
12, 64.38106470808985
13, 85.63769902964671
2, 81.44534391250737
3, 64.38106470808985
4, 64.38106470808985
5, 80.83418216908808
7, 81.44534391250737
8, 81.44534391250737
9, 88.68278561089369
10, 64.38106470808985
11, 82.68911167104487
2, 81.44534391250737
3, 82.12083847102343
4, 81.44534391250737
5, 81.44534391250737
6, 81.44534391250737
7, 64.38106470808985
8, 64.38106470808985
3, 81.44534391250737
4, 64.38106470808985
5, 81.44534391250737
6, 64.38106470808985
7, 81.44534391250737
8, 82.24414303329223
9, 64.38106470808985
10, 64.38106470808985
2, 81.44534391250737
3, 62.95502064011151
4, 81.44534391250737
5, 81.44534391250737
7, 64.38106470808985
8, 90.1731624939688
2, 81.44534391250737
4, 80.83418216908808
7, 81.44534391250737
8, 81.44534391250737
9, 82.2226987615933
2, 81.44534391250737
3, 64.38106470808985
4, 81.44534391250737
5, 81.44534391250737
6, 64.38106470808985
7, 81.47751032005576
8, 64.38106470808985
9, 85.27850747868976
10, 64.38106470808985
3, 81.44534391250737
4, 83.91143515788345
5, 81.44534391250737
6, 64.38106470808985
8, 81.44534391250737
4, 81.44534391250737
5, 64.38106470808985
7, 83.91143515788345
2, 81.44534391250737
3, 80.83418216908808
5, 80.83418216908808
8, 81.44534391250737
9, 83.00005361067925
10, 91.49734627137725
3, 81.44534391250737
4, 82.12083847102343
5, 80.86634857663647
6, 81.44534391250737
7, 81.44534391250737
8, 64.38106470808985
9, 73.8487106631641
3, 81.44534391250737
4, 83.91143515788345
5, 64.38106470808985
6, 80.83418216908808
7, 64.38106470808985
8, 81.44534391250737
9, 64.38106470808985
11, 83.21449632766847
2, 81.44534391250737
3, 64.38106470808985
4, 83.91143515788345
6, 64.38106470808985
7, 80.83418216908808
8, 81.44534391250737
9, 83.00005361067925
3, 81.44534391250737
4, 62.75130005897175
5, 81.44534391250737
6, 83.35388409371147
7, 64.38106470808985
3, 81.44534391250737
4, 83.91143515788345
5, 81.44534391250737
6, 64.38106470808985
7, 81.44534391250737
8, 81.44534391250737
9, 64.38106470808985
10, 64.38106470808985
11, 91.32579209778588
13, 91.32579209778588
2, 81.44534391250737
3, 78.82914276523884
4, 64.38106470808985
5, 81.44534391250737
6, 64.38106470808985
7, 81.44534391250737
8, 64.38106470808985
9, 82.59797351632446
10, 64.38106470808985
3, 81.44534391250737
4, 83.91143515788345
5, 64.38106470808985
10, 64.38106470808985
2, 81.44534391250737
3, 73.7790167801426
4, 81.44534391250737
5, 81.44534391250737
6, 81.44534391250737
7, 64.38106470808985
8, 82.33528118801266
9, 64.38106470808985
10, 82.99469254275452
2, 81.44534391250737
3, 83.91143515788345
5, 64.38106470808985
6, 81.44534391250737
7, 64.38106470808985
8, 64.38106470808985
9, 81.44534391250737
10, 82.23878196536751
2, 81.44534391250737
4, 78.82914276523884
6, 81.44534391250737
7, 81.44534391250737
2, 81.44534391250737
3, 83.91143515788345
5, 81.44534391250737
6, 64.38106470808985
7, 81.44534391250737
8, 64.38106470808985
2, 81.44534391250737
3, 83.91143515788345
5, 64.38106470808985
6, 81.44534391250737
7, 64.38106470808985
8, 86.29711038438857
9, 64.38106470808985
10, 86.83321717686164
11, 64.38106470808985
12, 89.33147482978609
3, 81.44534391250737
4, 82.98933147482978
5, 81.44534391250737
6, 81.44534391250737
7, 64.38106470808985
8, 82.15836594649655
9, 64.38106470808985
10, 82.57652924462553
11, 64.38106470808985
3, 81.44534391250737
4, 80.83418216908808
5, 81.44534391250737
3, 81.44534391250737
4, 64.38106470808985
5, 81.44534391250737
6, 64.38106470808985
7, 81.44534391250737
8, 64.38106470808985
9, 81.44534391250737
10, 84.25454350506621
11, 64.38106470808985
12, 87.81429260708734
13, 87.81429260708734
2, 81.44534391250737
3, 64.38106470808985
5, 81.44534391250737
6, 64.38106470808985
7, 81.44534391250737
8, 64.38106470808985
9, 82.22805982951805
10, 64.38106470808985
11, 64.38106470808985
12, 83.5683268107007
13, 83.5683268107007
2, 81.44534391250737
3, 62.75130005897175
4, 81.44534391250737
5, 81.44534391250737
6, 82.29775371253953
3, 81.44534391250737
4, 64.38106470808985
6, 81.03790275022784
8, 81.44534391250737
9, 81.44534391250737
11, 64.38106470808985
2, 81.44534391250737
3, 64.38106470808985
4, 81.44534391250737
5, 81.44534391250737
7, 64.38106470808985
8, 81.4667881842063
9, 64.38106470808985
10, 64.38106470808985
2, 81.44534391250737
4, 64.38106470808985
5, 82.12083847102343
6, 64.38106470808985
7, 64.38106470808985
8, 81.44534391250737
9, 85.43397844850695
2, 81.44534391250737
3, 78.82914276523884
4, 81.44534391250737
5, 81.44534391250737
6, 64.38106470808985
7, 81.44534391250737
8, 64.38106470808985
9, 83.85782447863615
10, 64.38106470808985
11, 85.7073929126682
12, 64.38106470808985
13, 87.45510105613037
15, 64.38106470808985
2, 81.44534391250737
3, 64.38106470808985
5, 81.44534391250737
6, 64.38106470808985
2, 81.44534391250737
3, 82.12083847102343
4, 64.38106470808985
5, 64.38106470808985
7, 80.86634857663647
9, 64.38106470808985
13, 81.7991743955396
14, 64.38106470808985
15, 82.19053235404492
17, 64.38106470808985
2, 81.44534391250737
3, 78.82914276523884
4, 81.44534391250737
5, 81.44534391250737
6, 64.38106470808985
7, 64.38106470808985
9, 84.03473972015226
10, 64.38106470808985
11, 64.38106470808985
12, 86.64557979949606
13, 64.38106470808985
2, 81.44534391250737
3, 81.10759663324934
4, 81.44534391250737
5, 81.44534391250737
6, 81.44534391250737
8, 64.38106470808985
9, 82.65158419557176
10, 64.38106470808985
11, 64.38106470808985
12, 82.24950410121696
13, 64.38106470808985
2, 81.44534391250737
3, 64.60622956092854
4, 81.44534391250737
5, 81.44534391250737
6, 64.38106470808985
7, 83.00005361067925
8, 91.70642792044175
9, 64.38106470808985
2, 81.44534391250737
4, 83.91143515788345
6, 64.38106470808985
7, 80.83418216908808
8, 64.38106470808985
9, 81.44534391250737
10, 64.38106470808985
11, 86.86538358441001
3, 81.44534391250737
5, 83.91143515788345
8, 64.38106470808985
10, 81.44534391250737
11, 64.38106470808985
2, 81.44534391250737
3, 63.013992387283544
4, 81.44534391250737
5, 81.44534391250737
6, 64.38106470808985
7, 85.89503029003377
8, 64.38106470808985
4, 64.38106470808985
5, 82.12083847102343
6, 64.38106470808985
7, 81.44534391250737
8, 64.38106470808985
9, 83.42357797673297
10, 64.38106470808985
11, 87.29426901838846
2, 81.44534391250737
3, 64.38106470808985
4, 81.44534391250737
5, 81.44534391250737
6, 64.38106470808985
7, 81.44534391250737
8, 84.80673350131346
9, 64.38106470808985
2, 81.44534391250737
3, 64.38106470808985
4, 82.91427652388356
6, 64.38106470808985
7, 64.38106470808985
9, 81.44534391250737
10, 89.71211065244196
11, 64.38106470808985
12, 83.21985739559321
3, 81.44534391250737
4, 82.12083847102343
5, 80.86634857663647
6, 64.38106470808985
2, 81.44534391250737
3, 63.00863131935882
4, 81.44534391250737
5, 81.44534391250737
6, 64.38106470808985
7, 81.44534391250737
9, 84.58156864847477
10, 64.38106470808985
12, 64.38106470808985
13, 82.24414303329223
3, 81.44534391250737
4, 64.38106470808985
5, 83.91143515788345
6, 64.38106470808985
7, 81.44534391250737
8, 64.38106470808985
9, 82.4156972068836
10, 64.38106470808985
11, 64.38106470808985
13, 82.42105827480835
2, 81.44534391250737
3, 83.91143515788345
4, 64.38106470808985
5, 64.38106470808985
6, 81.44534391250737
7, 64.38106470808985
8, 84.14196107864687
9, 64.38106470808985
10, 86.99404921460355
11, 64.38106470808985
12, 89.65313890526993
13, 89.65313890526993
14, 64.38106470808985
2, 81.44534391250737
3, 82.12083847102343
4, 81.44534391250737
5, 81.44534391250737
6, 64.38106470808985
7, 64.38106470808985
2, 81.44534391250737
3, 64.38106470808985
4, 80.83418216908808
5, 64.38106470808985
6, 64.38106470808985
7, 82.29239264461481
8, 64.38106470808985
9, 83.36460622956093
10, 64.38106470808985
11, 82.3245590521632
12, 64.38106470808985
13, 82.21733769366858
14, 82.21733769366858
4, 81.44534391250737
5, 64.38106470808985
6, 81.44534391250737
7, 64.38106470808985
3, 81.44534391250737
4, 64.38106470808985
6, 81.44534391250737
7, 64.38106470808985
8, 81.44534391250737
9, 81.44534391250737
10, 64.38106470808985
11, 64.38106470808985
3, 81.44534391250737
4, 82.12083847102343
5, 80.86634857663647
6, 64.38106470808985
7, 73.76829464429315
8, 64.38106470808985
9, 73.88087707071249
10, 64.38106470808985
11, 84.80673350131346
2, 81.44534391250737
3, 83.91143515788345
4, 81.44534391250737
6, 81.44534391250737
7, 64.38106470808985
11, 81.44534391250737
12, 64.38106470808985
13, 82.42105827480835
3, 81.44534391250737
4, 81.10759663324934
5, 81.44534391250737
2, 81.44534391250737
3, 82.12083847102343
5, 64.38106470808985
6, 64.38106470808985
8, 81.44534391250737
9, 84.68879000696938
10, 64.38106470808985
11, 64.38106470808985
12, 82.3460033238621
13, 64.38106470808985
2, 81.44534391250737
3, 64.38106470808985
4, 81.44534391250737
5, 64.38106470808985
6, 81.44534391250737
7, 81.63834235779767
8, 64.38106470808985
9, 82.24414303329223
2, 81.44534391250737
3, 78.82914276523884
4, 81.44534391250737
5, 81.44534391250737
6, 64.38106470808985
7, 87.32107435801211
8, 87.32643542593685
2, 81.44534391250737
3, 80.83418216908808
4, 81.44534391250737
6, 81.44534391250737
7, 64.38106470808985
8, 82.3942529351847
9, 64.38106470808985
10, 83.85782447863615
2, 81.44534391250737
3, 78.82914276523884
4, 81.44534391250737
5, 81.44534391250737
7, 64.38106470808985
9, 82.28167050876534
10, 64.38106470808985
11, 84.35104272771136
12, 64.38106470808985
13, 64.38106470808985
14, 82.43714147858253
2, 81.44534391250737
3, 78.82914276523884
4, 81.44534391250737
5, 81.44534391250737
6, 82.08331099555032
7, 64.38106470808985
8, 64.38106470808985
10, 84.16340535034578
11, 64.38106470808985
12, 64.38106470808985
2, 81.44534391250737
3, 83.91143515788345
4, 64.38106470808985
5, 80.86634857663647
7, 64.38106470808985
8, 80.86634857663647
10, 64.38106470808985
11, 81.27915080684072
12, 82.19589342196966
13, 64.38106470808985
14, 82.38889186725996
15, 64.38106470808985
16, 82.21733769366858
4, 81.44534391250737
5, 83.91143515788345
6, 80.83418216908808
7, 81.44534391250737
10, 64.38106470808985
12, 81.44534391250737
4, 81.44534391250737
5, 73.78973891599206
7, 64.38106470808985
2, 81.44534391250737
3, 81.10759663324934
5, 64.38106470808985
6, 80.83418216908808
7, 80.83418216908808
8, 64.38106470808985
10, 85.74492038814132
4, 81.44534391250737
6, 66.80962847799282
7, 81.44534391250737
8, 81.44534391250737
9, 64.38106470808985
10, 83.00005361067925
11, 84.30279311638878
12, 84.30279311638878
2, 64.38106470808985
3, 83.91143515788345
4, 64.38106470808985
5, 64.38106470808985
6, 81.44534391250737
7, 64.38106470808985
10, 76.30407977269071
11, 64.38106470808985
3, 81.44534391250737
4, 62.129416179703
5, 81.44534391250737
6, 81.44534391250737
7, 81.60081488232456
8, 64.38106470808985
10, 82.30311478046427
2, 81.44534391250737
3, 82.12083847102343
4, 64.38106470808985
5, 80.86634857663647
7, 64.38106470808985
8, 80.83418216908808
9, 82.65694526349648
10, 64.38106470808985
2, 81.44534391250737
3, 83.91143515788345
4, 81.44534391250737
5, 81.44534391250737
6, 64.38106470808985
7, 81.44534391250737
8, 83.08583069747493
9, 64.38106470808985
2, 81.44534391250737
4, 78.82914276523884
7, 81.44534391250737
8, 81.44534391250737
10, 64.38106470808985
2, 81.44534391250737
3, 80.83418216908808
4, 81.44534391250737
5, 64.38106470808985
6, 81.44534391250737
7, 87.86254221840991
8, 64.38106470808985
3, 81.44534391250737
4, 67.01334905913258
6, 81.44534391250737
7, 64.38106470808985
8, 82.3781697314105
9, 64.38106470808985
2, 81.44534391250737
3, 63.03007559105774
4, 81.44534391250737
5, 81.44534391250737
6, 64.38106470808985
7, 83.00005361067925
9, 91.97984238460302
11, 91.97984238460302
12, 64.38106470808985
4, 81.44534391250737
5, 64.38106470808985
6, 81.44534391250737
8, 64.38106470808985
9, 81.44534391250737
10, 64.38106470808985
12, 82.24414303329223
2, 81.44534391250737
3, 73.75221144051895
4, 81.44534391250737
5, 81.44534391250737
6, 64.38106470808985
7, 89.95335870905484
8, 64.38106470808985
9, 90.9612394789042
11, 64.38106470808985
12, 87.58376668632391
13, 64.38106470808985
14, 84.4797083579049
2, 81.44534391250737
3, 83.91143515788345
4, 81.44534391250737
5, 81.44534391250737
6, 64.38106470808985
7, 81.44534391250737
8, 64.38106470808985
10, 82.5175574974535
11, 64.38106470808985
13, 85.29995175038867
15, 64.38106470808985
4, 81.44534391250737
5, 83.91143515788345
6, 80.83418216908808
7, 81.44534391250737
8, 81.44534391250737
9, 64.38106470808985
10, 82.24414303329223
11, 64.38106470808985
12, 64.38106470808985
13, 82.24950410121696
2, 81.44534391250737
3, 64.38106470808985
4, 81.44534391250737
5, 64.38106470808985
6, 81.44534391250737
7, 64.38106470808985
8, 64.38106470808985
9, 84.06690612770063
10, 64.38106470808985
2, 81.44534391250737
3, 83.91143515788345
5, 81.44534391250737
6, 81.44534391250737
7, 64.38106470808985
8, 82.55508497292661
9, 82.57652924462553
10, 64.38106470808985
11, 85.21953573151772
2, 81.44534391250737
3, 82.12083847102343
4, 64.38106470808985
5, 80.86634857663647
6, 81.44534391250737
7, 81.44534391250737
8, 73.90232134241141
2, 81.44534391250737
3, 80.83418216908808
4, 64.38106470808985
5, 81.44534391250737
6, 64.38106470808985
7, 90.05521899962473
8, 90.06058006754945
9, 64.38106470808985
10, 64.38106470808985
11, 88.78464590146358
2, 81.44534391250737
3, 62.75130005897175
4, 81.44534391250737
5, 81.44534391250737
6, 64.38106470808985
7, 84.39929233903393
8, 64.38106470808985
11, 64.38106470808985
12, 82.11011633517397
13, 82.11011633517397
14, 64.38106470808985
2, 81.44534391250737
3, 78.82914276523884
4, 81.44534391250737
5, 81.44534391250737
6, 64.38106470808985
7, 81.97072856913097
8, 64.38106470808985
9, 82.61405672009865
10, 82.61405672009865
11, 64.38106470808985
12, 64.38106470808985
2, 81.44534391250737
3, 82.12083847102343
4, 64.38106470808985
5, 81.44534391250737
6, 64.38106470808985
8, 91.78148287138798
11, 64.38106470808985
12, 92.07098053932343
2, 81.44534391250737
3, 82.85530477671152
4, 81.44534391250737
6, 81.44534391250737
7, 81.44534391250737
8, 64.38106470808985
2, 81.44534391250737
3, 62.95502064011151
4, 81.44534391250737
5, 81.44534391250737
6, 64.38106470808985
4, 81.44534391250737
5, 64.38106470808985
2, 81.44534391250737
3, 83.91143515788345
4, 81.44534391250737
5, 81.44534391250737
6, 64.38106470808985
7, 82.29775371253953
8, 82.43714147858253
11, 64.38106470808985
12, 83.85782447863615
2, 81.44534391250737
3, 64.37570364016513
6, 81.44534391250737
7, 91.81364927893637
3, 81.44534391250737
4, 64.38106470808985
6, 81.44534391250737
7, 64.38106470808985
9, 64.38106470808985
11, 81.44534391250737
12, 81.44534391250737
13, 64.38106470808985
4, 81.44534391250737
5, 83.91143515788345
6, 64.38106470808985
7, 64.38106470808985
8, 81.44534391250737
9, 64.38106470808985
10, 90.8754623921085
11, 64.38106470808985
2, 81.44534391250737
4, 83.91143515788345
7, 64.38106470808985
8, 80.86634857663647
9, 81.44534391250737
2, 81.44534391250737
4, 64.38106470808985
5, 81.44534391250737
6, 81.44534391250737
8, 64.38106470808985
9, 74.8994799764113
10, 89.76036026376454
2, 81.44534391250737
3, 83.91143515788345
4, 64.38106470808985
6, 64.38106470808985
9, 81.44534391250737
10, 64.38106470808985
4, 81.44534391250737
5, 62.75130005897175
6, 81.44534391250737
7, 81.44534391250737
2, 81.44534391250737
3, 73.87551600278776
4, 64.38106470808985
5, 62.129416179703
6, 81.44534391250737
7, 73.8647938669383
8, 64.38106470808985
9, 74.0417091084544
10, 82.99469254275452
11, 82.99469254275452
2, 81.44534391250737
3, 65.99474615343377
4, 84.22237709751782
5, 64.38106470808985
8, 81.44534391250737
9, 81.44534391250737
10, 64.38106470808985
12, 64.38106470808985
13, 82.24950410121696
14, 82.24950410121696
15, 64.38106470808985
3, 81.44534391250737
4, 82.12083847102343
5, 64.38106470808985
6, 81.44534391250737
7, 64.38106470808985
8, 81.44534391250737
9, 64.38106470808985
10, 90.26966171661395
11, 90.35543880340964
3, 81.44534391250737
4, 78.82914276523884
5, 81.44534391250737
6, 81.44534391250737
7, 64.38106470808985
8, 81.44534391250737
9, 64.38106470808985
10, 82.46394681820618
2, 81.44534391250737
3, 73.7950999839168
4, 81.44534391250737
5, 81.44534391250737
6, 81.44534391250737
7, 64.38106470808985
8, 82.14228274272234
9, 82.33528118801266
2, 81.44534391250737
3, 78.82914276523884
4, 81.44534391250737
5, 81.44534391250737
6, 81.44534391250737
7, 64.38106470808985
8, 83.8310191390125
9, 83.8310191390125
10, 64.38106470808985
12, 64.38106470808985
13, 82.33528118801266
15, 64.38106470808985
2, 81.44534391250737
3, 84.7424006862167
4, 81.44534391250737
5, 81.44534391250737
6, 64.38106470808985
8, 84.25454350506621
9, 64.38106470808985
10, 85.55192194285101
11, 64.38106470808985
3, 81.44534391250737
4, 64.38106470808985
5, 81.44534391250737
6, 64.38106470808985
8, 81.44534391250737
9, 64.38106470808985
2, 81.44534391250737
3, 64.38106470808985
4, 81.44534391250737
6, 64.38106470808985
7, 81.44534391250737
9, 64.38106470808985
10, 89.13847638449579
2, 64.38106470808985
3, 73.90768241033614
4, 81.44534391250737
6, 81.44534391250737
7, 81.44534391250737
8, 81.44534391250737
9, 64.38106470808985
11, 82.1851712861202
12, 64.38106470808985
2, 81.44534391250737
4, 64.38106470808985
5, 67.46903983273468
6, 81.44534391250737
7, 64.38106470808985
8, 81.44534391250737
9, 81.46142711628157
10, 64.38106470808985
12, 85.84141961078647
13, 64.38106470808985
3, 81.44534391250737
4, 83.91143515788345
5, 81.44534391250737
6, 81.44534391250737
7, 64.38106470808985
8, 82.09403313139977
2, 81.44534391250737
3, 64.38106470808985
4, 81.44534391250737
5, 64.38106470808985
6, 64.38106470808985
7, 81.44534391250737
8, 73.76829464429315
2, 81.44534391250737
3, 64.38106470808985
5, 81.44534391250737
6, 64.38106470808985
7, 64.38106470808985
8, 81.44534391250737
9, 85.1980914598188
10, 64.38106470808985
11, 86.99941028252827
4, 81.44534391250737
5, 64.38106470808985
6, 64.38106470808985
7, 81.44534391250737
8, 64.38106470808985
10, 81.44534391250737
11, 64.38106470808985
2, 81.44534391250737
3, 83.91143515788345
4, 64.38106470808985
5, 81.44534391250737
6, 64.38106470808985
7, 82.50683536160403
8, 82.64622312764703
9, 64.38106470808985
11, 85.30531281831341
12, 85.30531281831341
2, 81.44534391250737
4, 83.91143515788345
5, 81.44534391250737
6, 81.44534391250737
7, 64.38106470808985
8, 82.24414303329223
9, 64.38106470808985
2, 81.44534391250737
3, 83.91143515788345
4, 81.44534391250737
5, 81.44534391250737
6, 64.38106470808985
8, 64.38106470808985
10, 87.56768348254973
11, 64.38106470808985
13, 89.47086259582909
2, 81.44534391250737
3, 78.82914276523884
4, 64.38106470808985
5, 62.75130005897175
6, 81.44534391250737
7, 81.44534391250737
8, 83.00005361067925
9, 87.69634911274326
2, 81.44534391250737
3, 73.7790167801426
4, 65.13161421755214
5, 81.44534391250737
6, 85.21953573151772
8, 64.38106470808985
9, 82.24414303329223
10, 82.24414303329223
11, 64.38106470808985
12, 82.52291856537822
3, 81.44534391250737
4, 64.38106470808985
5, 83.91143515788345
6, 80.83418216908808
7, 77.60145821047553
8, 64.38106470808985
9, 83.06438642577602
2, 81.44534391250737
3, 78.82914276523884
5, 81.44534391250737
6, 81.44534391250737
7, 81.44534391250737
8, 64.38106470808985
9, 64.38106470808985
11, 81.46142711628157
12, 87.37468503725943
13, 64.38106470808985
14, 82.27630944084062
15, 64.38106470808985
3, 81.44534391250737
4, 82.12083847102343
5, 64.38106470808985
7, 80.86634857663647
8, 81.44534391250737
9, 85.0587036937758
2, 81.44534391250737
3, 83.91143515788345
4, 64.38106470808985
5, 80.83418216908808
7, 64.38106470808985
8, 88.74711842599045
3, 81.44534391250737
4, 69.68852195357316
5, 81.44534391250737
6, 64.38106470808985
8, 81.44534391250737
9, 64.38106470808985
10, 64.38106470808985
11, 82.60333458424918
2, 81.44534391250737
3, 83.91143515788345
4, 64.38106470808985
5, 64.38106470808985
6, 81.44534391250737
7, 81.44534391250737
8, 64.38106470808985
9, 91.76003859968905
10, 64.38106470808985
12, 92.29614539216212
13, 92.29614539216212
2, 81.44534391250737
4, 64.38106470808985
5, 81.03790275022784
6, 81.44534391250737
7, 81.44534391250737
8, 64.38106470808985
9, 81.44534391250737
2, 81.44534391250737
3, 64.38106470808985
4, 81.12367983702353
5, 64.38106470808985
6, 64.38106470808985
7, 81.44534391250737
8, 64.38106470808985
9, 82.27630944084062
10, 64.38106470808985
2, 81.44534391250737
3, 83.91143515788345
4, 64.38106470808985
6, 80.83418216908808
7, 64.38106470808985
8, 77.1243231651745
9, 83.00005361067925
10, 86.83857824478636
2, 81.44534391250737
3, 64.38106470808985
4, 81.44534391250737
5, 64.38106470808985
6, 81.44534391250737
7, 64.38106470808985
9, 82.3245590521632
11, 64.38106470808985
2, 81.44534391250737
3, 83.91143515788345
5, 64.38106470808985
6, 80.83418216908808
7, 80.83418216908808
8, 81.44534391250737
9, 86.83857824478636
10, 64.38106470808985
11, 82.49611322575457
12, 64.38106470808985
3, 81.44534391250737
4, 78.82914276523884
5, 81.44534391250737
7, 81.44534391250737
2, 81.44534391250737
3, 83.91143515788345
5, 81.44534391250737
6, 81.44534391250737
8, 64.38106470808985
9, 82.45322468235672
10, 64.38106470808985
11, 82.23342089744277
12, 64.38106470808985
13, 82.31919798423846
14, 64.38106470808985
15, 64.38106470808985
16, 64.38106470808985
2, 81.44534391250737
3, 78.82914276523884
6, 81.44534391250737
7, 81.44534391250737
2, 81.44534391250737
3, 83.91143515788345
4, 64.38106470808985
5, 80.86634857663647
6, 81.44534391250737
7, 64.38106470808985
8, 89.28858628638825
9, 64.38106470808985
10, 90.19996783359245
3, 81.44534391250737
4, 83.91143515788345
5, 64.38106470808985
7, 80.83418216908808
8, 81.44534391250737
9, 83.36460622956093
10, 64.38106470808985
11, 85.5840883503994
12, 64.38106470808985
13, 83.25738487106632
2, 81.44534391250737
3, 83.91143515788345
4, 64.38106470808985
6, 64.38106470808985
8, 64.38106470808985
2, 81.44534391250737
3, 64.38106470808985
6, 64.38106470808985
7, 64.38106470808985
8, 81.44534391250737
10, 64.38106470808985
4, 81.44534391250737
5, 83.91143515788345
6, 64.38106470808985
7, 81.44534391250737
8, 64.38106470808985
9, 81.44534391250737
10, 64.38106470808985
11, 83.79885273146411
3, 81.44534391250737
4, 78.82914276523884
5, 81.44534391250737
6, 81.44534391250737
7, 81.44534391250737
8, 64.38106470808985
9, 89.21353133544201
10, 64.38106470808985
11, 64.38106470808985
12, 64.38106470808985
13, 82.65158419557176
2, 81.44534391250737
3, 73.7790167801426
5, 64.38106470808985
6, 81.44534391250737
7, 64.38106470808985
9, 83.55760467485123
12, 83.86318554656087
3, 81.44534391250737
4, 73.76293357636841
5, 64.38106470808985
7, 81.44534391250737
2, 81.44534391250737
3, 82.12083847102343
4, 64.38106470808985
5, 64.38106470808985
8, 81.44534391250737
9, 64.38106470808985
10, 82.87138798048571
11, 64.38106470808985
12, 82.19053235404492
13, 82.19053235404492
14, 64.38106470808985
2, 81.44534391250737
3, 82.12083847102343
4, 64.38106470808985
5, 64.38106470808985
6, 81.44534391250737
7, 64.38106470808985
9, 82.00825604460408
10, 64.38106470808985
11, 82.40497507103414
3, 81.44534391250737
4, 78.82914276523884
5, 62.75130005897175
6, 81.44534391250737
7, 64.38106470808985
8, 81.44534391250737
9, 83.00005361067925
2, 81.44534391250737
3, 64.38106470808985
4, 82.12083847102343
5, 64.38106470808985
6, 81.44534391250737
7, 64.38106470808985
8, 64.38106470808985
9, 85.73955932021659
2, 81.44534391250737
3, 68.42867099126146
5, 81.44534391250737
7, 81.44534391250737
8, 81.44534391250737
2, 81.44534391250737
3, 78.82914276523884
4, 66.80962847799282
6, 81.44534391250737
7, 81.44534391250737
8, 83.00005361067925
4, 81.44534391250737
5, 64.38106470808985
6, 81.44534391250737
8, 64.38106470808985
9, 81.44534391250737
10, 81.44534391250737
11, 64.38106470808985
3, 81.44534391250737
4, 62.75130005897175
5, 81.44534391250737
6, 81.44534391250737
7, 64.38106470808985
10, 85.09087010132419
12, 64.38106470808985
13, 87.89470862595829
14, 64.38106470808985
2, 81.44534391250737
3, 64.38106470808985
4, 80.83418216908808
6, 64.38106470808985
7, 64.38106470808985
8, 82.23342089744277
9, 64.38106470808985
10, 82.22805982951805
11, 64.38106470808985
13, 64.38106470808985
2, 81.44534391250737
3, 83.91143515788345
4, 81.44534391250737
5, 81.44534391250737
6, 81.44534391250737
7, 64.38106470808985
8, 81.44534391250737
3, 81.44534391250737
4, 64.38106470808985
5, 82.53364070122768
6, 80.86634857663647
7, 81.44534391250737
8, 64.38106470808985
9, 82.35136439178684
10, 64.38106470808985
6, 81.44534391250737
7, 83.91143515788345
8, 81.44534391250737
9, 64.38106470808985
10, 81.44534391250737
11, 64.38106470808985
2, 81.44534391250737
3, 64.38106470808985
4, 81.44534391250737
5, 64.38106470808985
8, 81.44534391250737
9, 83.29491234653943
11, 64.38106470808985
12, 82.24414303329223
13, 64.38106470808985
14, 82.33528118801266
2, 81.44534391250737
3, 78.82914276523884
4, 81.44534391250737
6, 81.44534391250737
7, 64.38106470808985
9, 81.44534391250737
10, 82.24414303329223
11, 64.38106470808985
12, 64.38106470808985
13, 82.26558730499116
2, 81.44534391250737
3, 64.38106470808985
5, 81.44534391250737
6, 64.38106470808985
7, 81.44534391250737
8, 81.44534391250737
9, 82.3942529351847
3, 81.44534391250737
4, 83.91143515788345
5, 81.44534391250737
6, 81.44534391250737
7, 64.38106470808985
8, 81.47214925213102
2, 81.44534391250737
3, 83.91143515788345
4, 64.38106470808985
5, 77.49423685198092
6, 82.48539108990511
7, 64.38106470808985
8, 82.6086956521739
9, 90.58060365624833
10, 90.73071355814078
3, 81.44534391250737
4, 73.87551600278776
5, 64.38106470808985
7, 64.38106470808985
8, 62.64943976840186
9, 81.44534391250737
10, 64.38106470808985
11, 64.38106470808985
12, 86.08802873532407
13, 64.38106470808985
14, 87.69098804481852
15, 64.38106470808985
16, 84.06690612770063
17, 64.38106470808985
2, 81.44534391250737
3, 63.013992387283544
4, 81.44534391250737
5, 81.44534391250737
6, 64.38106470808985
7, 82.35136439178684
8, 64.38106470808985
9, 84.15268321449632
10, 64.38106470808985
11, 64.38106470808985
12, 82.31919798423846
2, 81.44534391250737
3, 64.38106470808985
4, 81.44534391250737
5, 64.38106470808985
6, 81.44534391250737
7, 64.38106470808985
8, 84.37784806733501
9, 64.38106470808985
10, 64.38106470808985
11, 84.27598777676513
12, 64.38106470808985
13, 82.1851712861202
2, 81.44534391250737
4, 83.91143515788345
6, 81.44534391250737
7, 81.44534391250737
8, 81.44534391250737
9, 64.38106470808985
10, 82.43714147858253
3, 81.44534391250737
4, 64.38106470808985
6, 64.38106470808985
7, 81.44534391250737
8, 81.44534391250737
10, 64.38106470808985
11, 82.11011633517397
3, 81.44534391250737
4, 83.91143515788345
6, 64.38106470808985
7, 80.83418216908808
8, 81.44534391250737
9, 85.89503029003377
10, 64.38106470808985
11, 82.31383691631373
13, 64.38106470808985
2, 81.44534391250737
3, 83.91143515788345
5, 81.44534391250737
7, 81.44534391250737
8, 64.38106470808985
9, 64.38106470808985
10, 84.30279311638878
2, 81.44534391250737
3, 73.76293357636841
4, 81.44534391250737
5, 81.44534391250737
7, 64.38106470808985
8, 64.38106470808985
9, 82.22805982951805
10, 64.38106470808985
2, 81.44534391250737
3, 78.82914276523884
5, 81.44534391250737
6, 81.44534391250737
7, 82.19053235404492
8, 64.38106470808985
9, 82.3245590521632
10, 64.38106470808985
11, 82.65694526349648
12, 64.38106470808985
4, 81.44534391250737
5, 64.38106470808985
6, 83.57368787862542
7, 80.86634857663647
8, 81.44534391250737
9, 81.44534391250737
10, 90.35543880340964
11, 64.38106470808985
12, 91.74395539591487
2, 81.44534391250737
3, 83.91143515788345
4, 81.44534391250737
5, 81.44534391250737
6, 64.38106470808985
7, 83.83638020693722
8, 83.85782447863615
9, 64.38106470808985
10, 85.87358601833485
11, 64.38106470808985
12, 64.38106470808985
2, 81.44534391250737
4, 78.82914276523884
5, 81.44534391250737
6, 81.44534391250737
7, 64.38106470808985
8, 64.38106470808985
9, 84.30815418431351
2, 81.44534391250737
3, 82.12083847102343
5, 80.86634857663647
7, 80.86634857663647
8, 64.38106470808985
9, 64.38106470808985
10, 82.30311478046427
11, 64.38106470808985
12, 82.71591701066852
13, 82.71591701066852
2, 81.44534391250737
3, 64.38106470808985
5, 81.44534391250737
7, 64.38106470808985
8, 81.44534391250737
10, 64.38106470808985
11, 86.80641183723797
13, 64.38106470808985
2, 81.44534391250737
3, 83.01077574652871
4, 81.44534391250737
5, 81.44534391250737
6, 83.05366428992656
7, 64.38106470808985
9, 82.24414303329223
10, 64.38106470808985
11, 64.38106470808985
12, 82.24414303329223
3, 81.44534391250737
4, 82.12083847102343
5, 64.38106470808985
7, 81.44534391250737
9, 81.44534391250737
4, 81.44534391250737
5, 81.03790275022784
6, 81.44534391250737
2, 81.44534391250737
3, 64.38106470808985
4, 67.15273682517558
5, 81.44534391250737
6, 81.44534391250737
8, 64.38106470808985
9, 64.38106470808985
2, 81.44534391250737
3, 83.91143515788345
4, 80.83418216908808
5, 81.44534391250737
6, 77.15648957272289
7, 83.00005361067925
8, 83.82565807108776
9, 83.82565807108776
10, 83.82565807108776
2, 81.44534391250737
3, 78.82914276523884
6, 64.38106470808985
7, 62.799549670294326
8, 81.44534391250737
9, 81.44534391250737
10, 83.25738487106632
11, 64.38106470808985
12, 82.2226987615933
2, 81.44534391250737
3, 81.03790275022784
5, 64.38106470808985
6, 81.44534391250737
7, 64.38106470808985
8, 86.10411193909827
2, 81.44534391250737
3, 80.83418216908808
4, 64.38106470808985
5, 80.86634857663647
6, 81.93856216158258
7, 82.24414303329223
9, 64.38106470808985
3, 81.44534391250737
5, 68.8736396290141
3, 81.44534391250737
4, 64.38106470808985
2, 81.44534391250737
3, 82.12083847102343
4, 81.44534391250737
5, 81.44534391250737
6, 64.38106470808985
8, 81.52575993137833
9, 64.38106470808985
4, 81.44534391250737
5, 64.38106470808985
6, 81.44534391250737
7, 64.38106470808985
2, 81.44534391250737
3, 64.38106470808985
4, 81.44534391250737
5, 64.38106470808985
6, 81.44534391250737
7, 64.38106470808985
8, 82.3460033238621
9, 64.38106470808985
10, 82.30311478046427
3, 81.44534391250737
4, 82.12083847102343
5, 64.38106470808985
6, 80.86634857663647
3, 81.44534391250737
4, 73.78973891599206
5, 65.24419664397148
6, 81.44534391250737
8, 64.38106470808985
9, 75.90199967833593
10, 81.44534391250737
11, 87.57304455047445
2, 81.44534391250737
3, 73.78973891599206
4, 81.44534391250737
6, 81.44534391250737
7, 64.38106470808985
8, 82.57652924462553
9, 82.57652924462553
10, 64.38106470808985
11, 64.38106470808985
2, 81.44534391250737
4, 82.12083847102343
5, 80.86634857663647
6, 81.44534391250737
7, 64.38106470808985
8, 89.8943869618828
9, 73.88087707071249
2, 81.44534391250737
3, 82.12083847102343
4, 80.86634857663647
5, 64.38106470808985
6, 80.83418216908808
8, 64.38106470808985
9, 81.28987294269018
10, 64.38106470808985
2, 81.44534391250737
3, 78.82914276523884
5, 81.44534391250737
8, 81.44534391250737
9, 64.38106470808985
10, 87.56768348254973
11, 64.38106470808985
2, 81.44534391250737
3, 83.91143515788345
5, 64.38106470808985
7, 80.83418216908808
8, 64.38106470808985
9, 76.49171715005629
10, 81.44534391250737
2, 81.44534391250737
3, 64.41323111563824
4, 81.44534391250737
5, 81.44534391250737
6, 82.26558730499116
7, 64.38106470808985
10, 82.35672545971157
11, 64.38106470808985
2, 81.44534391250737
3, 78.82914276523884
5, 64.38106470808985
6, 81.44534391250737
7, 64.38106470808985
9, 81.44534391250737
3, 81.44534391250737
4, 83.91143515788345
5, 81.44534391250737
6, 81.44534391250737
7, 81.44534391250737
8, 64.38106470808985
10, 82.64622312764703
11, 82.64622312764703
12, 64.38106470808985
2, 81.44534391250737
3, 62.75130005897175
4, 83.13408030879751
5, 83.14480244464697
6, 89.52983434300113
7, 64.38106470808985
8, 87.81965367501206
2, 81.44534391250737
3, 62.129416179703
4, 81.44534391250737
5, 81.44534391250737
6, 81.44534391250737
7, 64.38106470808985
8, 64.38106470808985
10, 84.81745563716292
11, 84.81745563716292
12, 64.38106470808985
13, 86.14163941457139
15, 64.38106470808985
16, 82.45322468235672
2, 81.44534391250737
3, 73.78973891599206
5, 81.44534391250737
6, 81.44534391250737
7, 81.44534391250737
8, 64.38106470808985
10, 83.86318554656087
11, 64.38106470808985
2, 81.44534391250737
3, 83.91143515788345
4, 81.44534391250737
5, 81.44534391250737
6, 64.38106470808985
7, 81.44534391250737
8, 64.38106470808985
9, 64.38106470808985
11, 82.30311478046427
12, 64.38106470808985
14, 64.38106470808985
15, 82.82849943708787
2, 81.44534391250737
3, 83.91143515788345
4, 81.44534391250737
5, 81.44534391250737
6, 81.44534391250737
7, 64.38106470808985
2, 81.44534391250737
3, 63.02471452313301
6, 81.44534391250737
7, 81.44534391250737
8, 87.49798959952822
9, 85.50367233152843
10, 85.50367233152843
11, 64.38106470808985
12, 87.28890795046374
3, 81.44534391250737
4, 73.75757250844369
5, 64.38106470808985
6, 81.44534391250737
7, 87.06374309762505
8, 64.38106470808985
2, 81.44534391250737
3, 73.75757250844369
4, 81.44534391250737
5, 81.44534391250737
6, 81.44534391250737
7, 64.38106470808985
8, 82.3781697314105
9, 64.38106470808985
10, 82.22805982951805
11, 64.38106470808985
12, 82.43714147858253
13, 64.38106470808985
2, 81.44534391250737
3, 83.16088564842117
4, 78.82914276523884
5, 64.38106470808985
6, 62.75130005897175
7, 77.09751782555085
8, 83.00005361067925
3, 81.44534391250737
4, 81.09687449739988
5, 64.38106470808985
6, 81.44534391250737
7, 64.38106470808985
2, 81.44534391250737
4, 83.91143515788345
5, 64.38106470808985
2, 81.44534391250737
3, 73.69860076127165
4, 81.44534391250737
5, 81.44534391250737
6, 81.44534391250737
7, 64.38106470808985
8, 82.30311478046427
9, 64.38106470808985
10, 64.38106470808985
12, 82.46394681820618
13, 64.38106470808985
14, 82.24414303329223
2, 81.44534391250737
4, 78.82914276523884
5, 81.44534391250737
6, 81.44534391250737
7, 81.46142711628157
8, 64.38106470808985
10, 82.63013992387283
11, 64.38106470808985
12, 82.21197662574384
2, 81.44534391250737
3, 83.91143515788345
4, 81.03790275022784
5, 64.38106470808985
7, 81.44534391250737
8, 64.38106470808985
9, 82.33528118801266
10, 64.38106470808985
13, 84.50651369752855
3, 81.44534391250737
4, 80.83418216908808
5, 81.44534391250737
6, 81.44534391250737
7, 82.23342089744277
9, 64.38106470808985
10, 82.35672545971157
2, 81.44534391250737
3, 82.12083847102343
4, 64.38106470808985
5, 81.44534391250737
6, 81.44534391250737
8, 64.38106470808985
9, 81.49359352382994
10, 64.38106470808985
2, 81.44534391250737
3, 83.91143515788345
4, 81.44534391250737
5, 64.38106470808985
6, 81.44534391250737
8, 64.38106470808985
9, 81.5364820672278
10, 64.38106470808985
12, 82.24414303329223
2, 81.44534391250737
3, 82.98397040690506
4, 81.44534391250737
5, 81.44534391250737
6, 64.38106470808985
2, 81.44534391250737
3, 83.91143515788345
4, 64.38106470808985
6, 81.44534391250737
7, 64.38106470808985
8, 64.38106470808985
9, 82.38889186725996
10, 64.38106470808985
11, 82.60333458424918
12, 64.38106470808985
2, 81.44534391250737
3, 82.12083847102343
4, 64.38106470808985
5, 64.38106470808985
8, 81.44534391250737
10, 64.38106470808985
11, 64.38106470808985
3, 81.44534391250737
4, 64.38106470808985
5, 81.44534391250737
2, 81.44534391250737
3, 64.38106470808985
4, 81.44534391250737
5, 81.44534391250737
6, 64.38106470808985
7, 64.38106470808985
9, 81.44534391250737
10, 64.38106470808985
11, 87.04765989385085
12, 87.06374309762505
13, 64.38106470808985
2, 81.44534391250737
3, 82.12083847102343
4, 64.38106470808985
5, 81.44534391250737
6, 64.38106470808985
8, 81.44534391250737
2, 81.44534391250737
3, 64.38106470808985
4, 64.38106470808985
5, 81.44534391250737
6, 64.38106470808985
8, 81.44534391250737
9, 64.38106470808985
13, 82.31383691631373
15, 64.38106470808985
2, 81.44534391250737
3, 73.87551600278776
4, 62.129416179703
5, 81.44534391250737
6, 81.44534391250737
7, 73.76829464429315
8, 64.38106470808985
10, 73.76829464429315
11, 64.38106470808985
13, 73.76829464429315
14, 64.38106470808985
16, 64.38106470808985
2, 81.44534391250737
3, 82.12083847102343
2, 81.44534391250737
3, 64.38106470808985
4, 81.43998284458264
5, 64.38106470808985
6, 81.44534391250737
9, 81.44534391250737
10, 64.38106470808985
3, 81.44534391250737
4, 83.91143515788345
5, 81.44534391250737
6, 81.44534391250737
7, 64.38106470808985
8, 83.31635661823836
9, 64.38106470808985
10, 82.26558730499116
11, 82.26558730499116
12, 82.26558730499116
2, 81.44534391250737
3, 73.76829464429315
4, 64.41859218356296
5, 81.44534391250737
6, 82.45322468235672
7, 64.38106470808985
8, 85.58944941832414
9, 64.38106470808985
10, 82.23878196536751
2, 81.44534391250737
3, 82.8499437087868
4, 81.44534391250737
5, 81.44534391250737
6, 81.44534391250737
7, 64.38106470808985
8, 85.21953573151772
9, 64.38106470808985
10, 87.56768348254973
11, 87.56768348254973
2, 81.44534391250737
3, 81.03790275022784
4, 81.44534391250737
5, 81.44534391250737
7, 81.44534391250737
8, 64.38106470808985
10, 86.87074465233475
3, 81.44534391250737
4, 64.38106470808985
5, 81.44534391250737
6, 81.44534391250737
7, 64.38106470808985
8, 81.44534391250737
9, 64.38106470808985
10, 82.30311478046427
11, 64.38106470808985
2, 81.44534391250737
3, 64.38106470808985
4, 81.44534391250737
5, 64.38106470808985
6, 81.44534391250737
7, 81.44534391250737
8, 64.38106470808985
9, 64.38106470808985
2, 81.44534391250737
3, 64.38106470808985
4, 81.44534391250737
6, 64.38106470808985
8, 81.46142711628157
9, 64.38106470808985
3, 81.44534391250737
4, 84.12587787487267
5, 64.38106470808985
6, 80.86634857663647
7, 81.44534391250737
8, 81.44534391250737
9, 82.21733769366858
10, 64.38106470808985
11, 64.38106470808985
3, 81.44534391250737
4, 83.91143515788345
5, 64.38106470808985
6, 81.44534391250737
3, 81.44534391250737
4, 83.91143515788345
5, 81.44534391250737
6, 81.44534391250737
7, 64.38106470808985
9, 81.44534391250737
10, 64.38106470808985
3, 81.44534391250737
4, 64.38106470808985
5, 81.44534391250737
6, 64.38106470808985
7, 81.44534391250737
8, 64.38106470808985
10, 81.44534391250737
11, 87.3532407655605
12, 89.81397094301185
2, 81.44534391250737
3, 73.78973891599206
4, 64.38106470808985
5, 81.44534391250737
6, 64.38106470808985
8, 81.44534391250737
9, 64.38106470808985
10, 83.85782447863615
11, 64.38106470808985
12, 64.38106470808985
13, 82.35136439178684
2, 81.44534391250737
3, 81.03790275022784
4, 80.83418216908808
5, 64.38106470808985
6, 80.83418216908808
8, 83.00005361067925
9, 90.2267731732161
10, 90.2267731732161
3, 81.44534391250737
4, 73.73612823674476
5, 64.41859218356296
6, 70.62670884040101
7, 81.44534391250737
9, 87.55696134670026
10, 64.38106470808985
11, 86.83857824478636
12, 64.38106470808985
2, 81.44534391250737
4, 73.76829464429315
5, 64.4078700477135
6, 81.44534391250737
7, 81.44534391250737
8, 64.38106470808985
10, 86.10411193909827
11, 64.38106470808985
12, 82.28167050876534
13, 64.38106470808985
2, 81.44534391250737
3, 64.38106470808985
4, 64.38106470808985
5, 81.44534391250737
6, 64.38106470808985
7, 64.38106470808985
9, 81.44534391250737
2, 81.44534391250737
3, 83.91143515788345
4, 64.38106470808985
6, 80.83418216908808
7, 81.44534391250737
8, 87.20313086366804
2, 81.44534391250737
3, 83.91143515788345
4, 81.44534391250737
5, 81.44534391250737
6, 64.38106470808985
7, 81.44534391250737
8, 64.38106470808985
2, 81.44534391250737
3, 64.39714791186404
4, 81.44534391250737
5, 81.44534391250737
6, 64.38106470808985
8, 87.0208545542272
9, 64.38106470808985
10, 87.50871173537769
12, 64.38106470808985
2, 81.44534391250737
3, 78.82914276523884
4, 81.44534391250737
5, 81.44534391250737
6, 64.38106470808985
7, 81.44534391250737
8, 84.13660001072213
9, 84.15268321449632
2, 81.44534391250737
3, 83.91143515788345
4, 64.38106470808985
5, 64.38106470808985
6, 80.86634857663647
7, 81.48287138798048
8, 84.57084651262531
9, 64.38106470808985
10, 82.93035972765774
2, 81.44534391250737
3, 62.129416179703
4, 81.44534391250737
5, 81.44534391250737
6, 81.70803624081917
7, 64.38106470808985
8, 82.19053235404492
9, 64.38106470808985
10, 82.43714147858253
11, 82.43714147858253
12, 64.38106470808985
13, 82.34064225593738
14, 82.34064225593738
15, 64.38106470808985
16, 82.20125448989438
2, 81.44534391250737
3, 83.91143515788345
4, 64.38106470808985
5, 80.83418216908808
6, 64.38106470808985
8, 83.00005361067925
2, 81.44534391250737
3, 83.91143515788345
4, 81.44534391250737
5, 81.44534391250737
6, 64.38106470808985
8, 81.44534391250737
9, 88.92403366750656
10, 64.38106470808985
11, 82.65694526349648
3, 81.44534391250737
4, 64.38106470808985
5, 81.44534391250737
6, 64.38106470808985
7, 81.44534391250737
9, 81.44534391250737
2, 81.44534391250737
3, 62.99790918350936
4, 81.44534391250737
5, 64.38106470808985
6, 64.38106470808985
7, 81.44534391250737
9, 83.00005361067925
10, 85.83069747493701
11, 85.83069747493701
13, 64.38106470808985
14, 82.27094837291588
15, 64.38106470808985
4, 64.38106470808985
5, 73.90768241033614
6, 64.38106470808985
7, 81.44534391250737
8, 64.38106470808985
9, 73.76829464429315
10, 64.38106470808985
11, 86.21133329759289
13, 64.38106470808985
3, 81.44534391250737
4, 62.129416179703
5, 64.38106470808985
7, 81.44534391250737
8, 73.76829464429315
9, 64.38106470808985
10, 73.76829464429315
11, 83.98112904090495
12, 83.98112904090495
13, 83.98112904090495
14, 64.38106470808985
15, 85.88430815418431
16, 64.38106470808985
17, 82.3460033238621
18, 82.3460033238621
2, 81.44534391250737
3, 82.12083847102343
4, 64.38106470808985
6, 80.86634857663647
7, 81.44534391250737
8, 81.44534391250737
10, 64.38106470808985
3, 81.44534391250737
4, 64.38106470808985
5, 81.44534391250737
6, 64.38106470808985
8, 81.44534391250737
3, 81.44534391250737
4, 64.38106470808985
5, 85.47150592398006
6, 81.44534391250737
7, 64.38106470808985
9, 81.44534391250737
10, 64.38106470808985
2, 81.44534391250737
3, 82.12083847102343
4, 80.86634857663647
5, 81.44534391250737
6, 64.38106470808985
7, 81.44534391250737
8, 73.76829464429315
9, 73.76829464429315
10, 84.89787165603389
11, 84.89787165603389
12, 64.38106470808985
13, 85.93255776550689
2, 81.44534391250737
3, 78.82914276523884
5, 64.38106470808985
6, 81.44534391250737
7, 81.44534391250737
9, 81.6061759502493
10, 64.38106470808985
11, 83.86318554656087
12, 64.38106470808985
13, 85.98080737682946
3, 81.44534391250737
4, 73.78973891599206
5, 81.44534391250737
6, 81.44534391250737
8, 64.38106470808985
10, 81.44534391250737
11, 64.38106470808985
12, 82.2226987615933
4, 81.44534391250737
6, 82.12083847102343
8, 81.44534391250737
9, 64.38106470808985
10, 81.44534391250737
11, 81.99753390875462
12, 64.38106470808985
14, 82.36744759556103
15, 64.38106470808985
2, 81.44534391250737
3, 64.38106470808985
4, 84.84962204471131
5, 64.38106470808985
6, 64.38106470808985
2, 81.44534391250737
3, 64.38106470808985
5, 81.44534391250737
7, 64.38106470808985
8, 81.44534391250737
9, 81.44534391250737
10, 64.38106470808985
11, 64.38106470808985
12, 88.78464590146358
2, 81.44534391250737
4, 64.38106470808985
5, 81.44534391250737
6, 81.44534391250737
7, 64.38106470808985
8, 81.44534391250737
9, 64.38106470808985
10, 64.38106470808985
11, 82.3245590521632
3, 81.44534391250737
4, 64.38106470808985
5, 81.44534391250737
6, 64.38106470808985
8, 81.44534391250737
3, 81.44534391250737
4, 64.38106470808985
5, 81.44534391250737
6, 64.38106470808985
7, 81.44534391250737
2, 81.44534391250737
3, 80.83418216908808
4, 64.38106470808985
5, 80.83418216908808
6, 81.44534391250737
7, 84.30279311638878
8, 64.38106470808985
9, 82.24414303329223
10, 64.38106470808985
11, 82.54436283707714
12, 64.38106470808985
2, 81.44534391250737
3, 83.91143515788345
4, 81.44534391250737
5, 81.44534391250737
6, 81.44534391250737
7, 64.38106470808985
10, 64.38106470808985
11, 82.19589342196966
2, 81.44534391250737
3, 66.55765828553048
4, 64.38106470808985
5, 87.04765989385085
6, 62.96038170803624
7, 89.03661609392591
8, 90.04985793169999
9, 90.04985793169999
10, 64.38106470808985
2, 81.44534391250737
3, 78.82914276523884
4, 81.44534391250737
6, 81.44534391250737
7, 81.44534391250737
4, 81.44534391250737
5, 64.38106470808985
6, 81.44534391250737
7, 64.38106470808985
9, 81.44534391250737
10, 83.43430011258242
11, 64.38106470808985
13, 82.23878196536751
14, 64.38106470808985
2, 81.44534391250737
3, 64.38106470808985
4, 81.44534391250737
5, 64.38106470808985
6, 81.44534391250737
7, 64.38106470808985
9, 81.44534391250737
10, 82.29775371253953
11, 64.38106470808985
12, 82.27630944084062
13, 64.38106470808985
2, 81.44534391250737
3, 83.91143515788345
4, 64.38106470808985
5, 85.54656087492629
6, 81.44534391250737
7, 81.44534391250737
8, 84.50651369752855
9, 64.38106470808985
11, 87.53551707500134
12, 64.38106470808985
2, 81.44534391250737
3, 88.24853910899051
4, 64.38106470808985
5, 81.44534391250737
6, 64.38106470808985
7, 81.44534391250737
8, 64.38106470808985
10, 91.16496006004397
11, 64.38106470808985
12, 85.29995175038867
13, 64.38106470808985
2, 81.44534391250737
3, 82.12083847102343
4, 64.38106470808985
6, 64.38106470808985
7, 81.44534391250737
8, 81.70267517289444
9, 64.38106470808985
2, 81.44534391250737
3, 73.87551600278776
4, 64.38106470808985
5, 79.57969227470112
7, 64.38106470808985
8, 82.57652924462553
9, 64.38106470808985
10, 82.19053235404492
11, 64.38106470808985
12, 82.34064225593738
13, 64.38106470808985
14, 83.34316195786201
2, 81.44534391250737
3, 62.75130005897175
4, 81.44534391250737
5, 81.46142711628157
6, 64.38106470808985
7, 64.38106470808985
8, 90.12491288264623
4, 81.44534391250737
5, 64.38106470808985
6, 81.84206293893743
7, 64.38106470808985
9, 81.44534391250737
10, 64.38106470808985
2, 81.44534391250737
3, 73.75757250844369
4, 64.40250897978878
6, 81.44534391250737
7, 82.21197662574384
8, 64.38106470808985
9, 85.29995175038867
10, 64.38106470808985
11, 82.21197662574384
12, 64.38106470808985
14, 64.38106470808985
15, 82.89283225218463
16, 64.38106470808985
17, 83.93287942958237
2, 81.44534391250737
3, 83.91143515788345
4, 64.38106470808985
5, 81.44534391250737
6, 64.38106470808985
7, 81.44534391250737
8, 82.59261244839972
2, 81.44534391250737
3, 84.84962204471131
4, 80.86634857663647
5, 81.44534391250737
6, 81.44534391250737
8, 64.38106470808985
9, 73.91304347826087
10, 64.38106470808985
11, 82.87138798048571
14, 64.38106470808985
15, 85.73955932021659
3, 81.44534391250737
4, 85.31603495416287
5, 64.38106470808985
6, 64.38106470808985
7, 81.44534391250737
8, 64.38106470808985
9, 83.24666273521686
10, 64.38106470808985
11, 85.73955932021659
12, 64.38106470808985
13, 84.83889990886185
2, 81.44534391250737
3, 78.82914276523884
5, 81.44534391250737
6, 81.44534391250737
7, 64.38106470808985
8, 87.37468503725943
9, 87.37468503725943
11, 64.38106470808985
12, 82.38353079933523
2, 81.44534391250737
3, 80.83418216908808
4, 80.83418216908808
5, 81.44534391250737
6, 64.38106470808985
7, 90.76824103361389
8, 64.38106470808985
9, 82.50683536160403
10, 64.38106470808985
11, 85.56800514662521
12, 64.38106470808985
2, 81.44534391250737
3, 78.82914276523884
4, 81.44534391250737
5, 81.44534391250737
7, 81.44534391250737
8, 64.38106470808985
2, 81.44534391250737
4, 78.82914276523884
5, 62.75130005897175
6, 64.38106470808985
2, 81.44534391250737
3, 78.82914276523884
6, 81.44534391250737
7, 81.44534391250737
9, 64.38106470808985
11, 81.44534391250737
12, 82.61941778802337
2, 81.44534391250737
3, 83.91143515788345
4, 64.38106470808985
5, 80.86634857663647
6, 64.38106470808985
7, 80.86634857663647
9, 80.83418216908808
10, 90.51627084115155
11, 64.38106470808985
2, 81.44534391250737
3, 83.91143515788345
5, 80.83418216908808
6, 64.38106470808985
7, 64.38106470808985
8, 87.0208545542272
9, 64.38106470808985
10, 64.38106470808985
11, 82.34064225593738
12, 64.38106470808985
2, 81.44534391250737
3, 83.91143515788345
4, 81.44534391250737
5, 81.44534391250737
6, 64.38106470808985
7, 81.44534391250737
8, 64.38106470808985
10, 84.14196107864687
2, 81.44534391250737
3, 83.91143515788345
4, 64.38106470808985
5, 80.83418216908808
6, 81.44534391250737
7, 64.38106470808985
8, 90.41441055058168
10, 90.51627084115155
11, 64.38106470808985
12, 64.38106470808985
13, 82.42641934273307
2, 81.44534391250737
3, 73.87551600278776
4, 81.44534391250737
5, 64.38106470808985
6, 81.44534391250737
7, 81.44534391250737
8, 64.38106470808985
2, 81.44534391250737
3, 64.23095480619739
4, 81.44534391250737
5, 64.38106470808985
6, 81.8527850747869
7, 64.38106470808985
8, 82.65694526349648
9, 64.38106470808985
10, 85.9164745617327
12, 85.19273039189406
2, 81.44534391250737
3, 73.7950999839168
4, 81.44534391250737
5, 81.44534391250737
6, 64.38106470808985
7, 82.07258885970086
8, 64.38106470808985
2, 81.44534391250737
3, 78.82914276523884
4, 81.44534391250737
5, 81.44534391250737
6, 64.38106470808985
7, 81.51503779552887
8, 64.38106470808985
9, 90.40904948265694
10, 64.38106470808985
11, 82.45322468235672
12, 82.45322468235672
13, 64.38106470808985
14, 82.2548651691417
5, 81.44534391250737
6, 78.82914276523884
7, 81.44534391250737
8, 64.38106470808985
9, 81.44534391250737
10, 87.46046212405511
11, 87.46046212405511
2, 81.44534391250737
3, 73.67715648957272
4, 64.26312121374578
5, 81.44534391250737
6, 81.48287138798048
8, 64.38106470808985
9, 64.38106470808985
2, 64.38106470808985
3, 81.03790275022784
4, 81.44534391250737
5, 81.44534391250737
6, 64.38106470808985
7, 82.36744759556103
8, 64.38106470808985
9, 84.8120945692382
11, 64.38106470808985
12, 82.3245590521632
13, 64.38106470808985
3, 81.44534391250737
5, 82.12083847102343
6, 80.86634857663647
7, 64.38106470808985
9, 81.44534391250737
3, 81.44534391250737
4, 82.12083847102343
5, 64.38106470808985
7, 81.44534391250737
9, 64.38106470808985
10, 81.46142711628157
11, 64.38106470808985
12, 82.28167050876534
2, 81.44534391250737
3, 83.91143515788345
4, 81.44534391250737
6, 81.44534391250737
7, 64.38106470808985
8, 81.44534391250737
9, 64.38106470808985
11, 82.24950410121696
2, 81.44534391250737
3, 78.82914276523884
4, 64.38106470808985
5, 81.44534391250737
6, 64.38106470808985
7, 81.44534391250737
8, 64.38106470808985
9, 82.308475848389
10, 64.38106470808985
12, 82.20661555781912
2, 81.44534391250737
3, 73.78973891599206
4, 65.24419664397148
5, 81.44534391250737
6, 81.44534391250737
7, 64.38106470808985
8, 83.17696885219536
9, 64.38106470808985
2, 81.44534391250737
3, 64.38106470808985
6, 69.94585321396022
7, 81.44534391250737
8, 81.44534391250737
9, 64.38106470808985
10, 82.24414303329223
11, 64.38106470808985
12, 82.50683536160403
13, 82.50683536160403
15, 64.38106470808985
2, 81.44534391250737
3, 83.91143515788345
5, 64.38106470808985
6, 81.44534391250737
7, 64.38106470808985
8, 64.38106470808985
9, 82.23342089744277
10, 64.38106470808985
12, 82.23878196536751
13, 64.38106470808985
2, 81.44534391250737
3, 64.38106470808985
4, 81.44534391250737
5, 64.38106470808985
9, 81.44534391250737
2, 81.44534391250737
3, 83.91143515788345
4, 80.83418216908808
5, 81.44534391250737
6, 64.38106470808985
8, 87.00477135045301
10, 64.38106470808985
11, 82.23342089744277
12, 82.23342089744277
13, 64.38106470808985
14, 82.21733769366858
2, 81.44534391250737
3, 78.82914276523884
6, 62.75130005897175
7, 81.44534391250737
8, 64.38106470808985
10, 79.07039082185172
12, 83.00005361067925
13, 88.10379027502279
2, 81.44534391250737
3, 64.38106470808985
4, 64.38106470808985
8, 81.44534391250737
9, 64.38106470808985
10, 81.44534391250737
12, 82.30311478046427
2, 81.44534391250737
3, 82.12083847102343
4, 64.38106470808985
6, 81.44534391250737
7, 64.38106470808985
8, 81.44534391250737
9, 64.38106470808985
11, 73.81654425561572
12, 64.38106470808985
4, 81.44534391250737
5, 64.38106470808985
6, 81.44534391250737
7, 64.38106470808985
8, 81.44534391250737
9, 64.38106470808985
10, 82.21733769366858
11, 64.38106470808985
12, 64.38106470808985
13, 82.81241623331367
14, 82.81241623331367
15, 64.38106470808985
2, 81.44534391250737
3, 68.8200289497668
4, 81.44534391250737
5, 81.44534391250737
6, 73.83262745938991
7, 82.52291856537822
8, 82.52291856537822
9, 64.38106470808985
10, 82.20661555781912
11, 64.38106470808985
2, 81.44534391250737
3, 64.38106470808985
4, 81.134401972873
5, 80.83418216908808
6, 64.38106470808985
10, 80.83418216908808
11, 80.00321664075484
3, 81.44534391250737
4, 78.82914276523884
5, 62.75130005897175
6, 64.38106470808985
7, 83.68090923712003
8, 83.77204739184046
9, 64.38106470808985
10, 64.38106470808985
2, 81.44534391250737
3, 83.91143515788345
4, 81.44534391250737
5, 81.44534391250737
6, 64.38106470808985
7, 82.1851712861202
8, 64.38106470808985
9, 64.38106470808985
10, 82.3245590521632
11, 64.38106470808985
3, 64.38106470808985
4, 68.90580603656248
6, 81.44534391250737
7, 64.38106470808985
8, 81.44534391250737
9, 81.44534391250737
10, 90.7521578298397
4, 81.44534391250737
5, 73.87551600278776
6, 62.129416179703
7, 64.38106470808985
8, 81.5364820672278
9, 64.38106470808985
13, 73.99882056505656
14, 83.31635661823836
15, 83.31635661823836
16, 83.31635661823836
17, 64.38106470808985
2, 81.44534391250737
3, 83.91143515788345
4, 80.83418216908808
5, 64.38106470808985
6, 76.48635608213156
7, 81.44534391250737
8, 87.20313086366804
4, 81.44534391250737
5, 82.12083847102343
6, 64.38106470808985
7, 80.86634857663647
8, 64.38106470808985
10, 64.38106470808985
8, 81.44534391250737
9, 64.38106470808985
10, 82.12083847102343
11, 81.52575993137833
2, 81.44534391250737
3, 64.38106470808985
4, 81.44534391250737
5, 64.38106470808985
6, 64.38106470808985
2, 81.44534391250737
3, 78.82914276523884
4, 64.38106470808985
5, 81.44534391250737
6, 81.44534391250737
8, 64.38106470808985
9, 88.597008524098
10, 64.38106470808985
11, 90.43049375435587
2, 81.44534391250737
3, 83.91143515788345
4, 64.38106470808985
5, 80.83418216908808
7, 81.44534391250737
9, 81.44534391250737
10, 64.38106470808985
11, 85.89503029003377
12, 64.38106470808985
13, 88.10379027502279
14, 64.38106470808985
15, 90.54843724869994
2, 81.44534391250737
3, 63.013992387283544
4, 64.38106470808985
5, 81.44534391250737
6, 83.00005361067925
7, 85.24634107114137
8, 85.24634107114137
9, 64.38106470808985
10, 64.38106470808985
11, 89.33147482978609
12, 64.38106470808985
13, 90.2964670562376
14, 64.38106470808985
15, 64.38106470808985
16, 85.24634107114137
17, 64.38106470808985
18, 64.38106470808985
2, 81.44534391250737
3, 66.10196751192838
4, 64.38106470808985
5, 81.44534391250737
6, 64.38106470808985
7, 73.82190532354045
8, 84.23846030129202
9, 64.38106470808985
3, 81.44534391250737
4, 64.38106470808985
5, 80.86634857663647
2, 81.44534391250737
3, 78.82914276523884
4, 81.44534391250737
5, 81.44534391250737
6, 64.38106470808985
2, 81.44534391250737
3, 62.95502064011151
6, 81.44534391250737
7, 81.44534391250737
8, 64.38106470808985
9, 82.3245590521632
10, 64.38106470808985
11, 83.86318554656087
12, 64.38106470808985
13, 82.24414303329223
14, 64.38106470808985
15, 82.3781697314105
16, 82.3781697314105
17, 64.38106470808985
2, 81.44534391250737
3, 83.91143515788345
4, 80.83418216908808
5, 81.44534391250737
6, 64.38106470808985
7, 81.44534391250737
8, 64.38106470808985
9, 84.08298933147483
10, 84.08298933147483
2, 81.44534391250737
3, 78.82914276523884
4, 81.44534391250737
5, 81.44534391250737
6, 64.38106470808985
7, 81.49359352382994
2, 81.44534391250737
4, 83.91143515788345
5, 64.38106470808985
6, 64.38106470808985
7, 81.44534391250737
8, 81.44534391250737
9, 64.38106470808985
10, 85.43933951643167
11, 85.43933951643167
12, 64.38106470808985
2, 81.44534391250737
3, 82.12083847102343
4, 64.38106470808985
5, 81.44534391250737
6, 64.38106470808985
7, 81.44534391250737
8, 64.38106470808985
9, 82.3460033238621
10, 82.3460033238621
11, 64.38106470808985
12, 82.98397040690506
2, 81.44534391250737
3, 64.38106470808985
4, 67.2599581836702
7, 64.38106470808985
8, 62.64943976840186
9, 64.38106470808985
10, 64.38106470808985
2, 81.44534391250737
3, 78.82914276523884
5, 81.44534391250737
6, 81.44534391250737
7, 64.38106470808985
8, 84.8120945692382
3, 81.44534391250737
4, 64.38106470808985
5, 81.44534391250737
6, 64.38106470808985
7, 81.44534391250737
8, 64.38106470808985
9, 82.38889186725996
10, 82.38889186725996
11, 64.38106470808985
12, 82.24414303329223
2, 81.44534391250737
3, 83.91143515788345
4, 64.38106470808985
5, 81.44534391250737
6, 64.38106470808985
7, 83.00005361067925
2, 81.44534391250737
3, 64.38106470808985
4, 81.44534391250737
5, 64.38106470808985
6, 64.38106470808985
7, 81.44534391250737
9, 64.38106470808985
10, 85.83605854286174
11, 64.38106470808985
12, 87.62665522972176
13, 64.38106470808985
14, 83.99721224467913
2, 81.44534391250737
5, 82.12083847102343
6, 80.86634857663647
7, 81.47214925213102
8, 77.32268267838954
9, 77.7890955878411
2, 81.44534391250737
3, 83.91143515788345
4, 64.38106470808985
5, 81.44534391250737
6, 64.38106470808985
8, 81.44534391250737
9, 64.38106470808985
2, 81.44534391250737
3, 83.91143515788345
5, 64.38106470808985
6, 80.86634857663647
7, 81.44534391250737
8, 81.44534391250737
9, 89.76036026376454
11, 64.38106470808985
12, 64.38106470808985
13, 83.58441001447488
14, 83.58441001447488
15, 64.38106470808985
16, 82.28703157669008
2, 81.44534391250737
3, 83.91143515788345
4, 81.44534391250737
5, 81.44534391250737
6, 64.38106470808985
7, 82.20125448989438
8, 82.3781697314105
9, 64.38106470808985
10, 82.23342089744277
11, 64.38106470808985
2, 81.44534391250737
3, 73.7950999839168
4, 65.24955771189622
5, 81.44534391250737
6, 81.44534391250737
7, 64.38106470808985
9, 73.83262745938991
2, 81.44534391250737
3, 85.31067388623813
4, 64.38106470808985
6, 64.38106470808985
7, 81.44534391250737
8, 82.12619953894816
9, 64.38106470808985
10, 83.24666273521686
11, 83.24666273521686
12, 64.38106470808985
13, 82.20661555781912
2, 81.44534391250737
4, 73.7950999839168
5, 81.44534391250737
6, 81.44534391250737
8, 82.14764381064708
9, 64.38106470808985
3, 81.44534391250737
4, 83.91143515788345
5, 80.83418216908808
6, 64.38106470808985
7, 64.38106470808985
8, 83.24666273521686
3, 81.44534391250737
4, 64.38106470808985
5, 75.17825550849729
6, 64.38106470808985
7, 64.38106470808985
8, 81.44534391250737
10, 85.43933951643167
11, 64.38106470808985
2, 81.44534391250737
4, 83.91143515788345
5, 81.44534391250737
6, 81.44534391250737
7, 64.38106470808985
8, 64.38106470808985
11, 87.58376668632391
12, 64.38106470808985
13, 89.771082399614
14, 64.38106470808985
15, 83.25738487106632
3, 81.44534391250737
4, 64.38106470808985
7, 81.44534391250737
8, 64.38106470808985
10, 81.44534391250737
11, 64.38106470808985
12, 82.2226987615933
3, 81.44534391250737
5, 78.82914276523884
6, 81.44534391250737
2, 81.44534391250737
3, 80.83418216908808
4, 80.83418216908808
5, 81.44534391250737
6, 64.38106470808985
7, 89.65313890526993
8, 89.65313890526993
2, 81.44534391250737
3, 73.7950999839168
4, 68.53589234975607
5, 81.44534391250737
6, 81.44534391250737
7, 64.38106470808985
8, 64.38106470808985
9, 88.1949284297432
2, 81.44534391250737
3, 64.38106470808985
6, 81.44534391250737
8, 81.44534391250737
9, 64.38106470808985
10, 81.44534391250737
11, 64.38106470808985
12, 82.35672545971157
13, 64.38106470808985
14, 64.38106470808985
3, 81.44534391250737
4, 64.38106470808985
5, 84.82817777301238
6, 64.38106470808985
7, 81.44534391250737
8, 81.44534391250737
2, 81.44534391250737
3, 83.91143515788345
4, 64.38106470808985
7, 81.44534391250737
9, 64.38106470808985
2, 81.44534391250737
3, 83.91143515788345
4, 64.38106470808985
7, 81.44534391250737
8, 64.38106470808985
9, 64.38106470808985
10, 81.44534391250737
11, 64.38106470808985
13, 83.62729855787273
2, 81.44534391250737
4, 82.85530477671152
6, 81.44534391250737
7, 81.44534391250737
8, 64.38106470808985
9, 84.4636251541307
2, 81.44534391250737
4, 82.12083847102343
5, 80.86634857663647
6, 81.44534391250737
7, 81.44534391250737
8, 92.258617916689
5, 81.44534391250737
6, 64.38106470808985
7, 81.44534391250737
8, 64.38106470808985
9, 64.38106470808985
10, 81.44534391250737
2, 81.44534391250737
3, 83.91143515788345
4, 64.38106470808985
5, 81.44534391250737
6, 81.44534391250737
3, 81.44534391250737
4, 64.38106470808985
5, 81.44534391250737
6, 81.44534391250737
7, 64.38106470808985
8, 81.44534391250737
9, 64.38106470808985
10, 73.90232134241141
2, 81.44534391250737
3, 64.38106470808985
4, 81.44534391250737
6, 64.38106470808985
7, 81.44534391250737
8, 64.38106470808985
10, 82.63013992387283
12, 64.38106470808985
13, 64.38106470808985
4, 81.44534391250737
5, 73.78973891599206
6, 64.38106470808985
7, 81.44534391250737
8, 82.99469254275452
10, 73.81654425561572
11, 64.38106470808985
2, 81.44534391250737
3, 81.12367983702353
4, 81.44534391250737
5, 81.44534391250737
6, 64.38106470808985
2, 81.44534391250737
3, 83.91143515788345
4, 81.44534391250737
5, 81.44534391250737
6, 64.38106470808985
7, 64.38106470808985
2, 81.44534391250737
3, 64.38106470808985
4, 81.44534391250737
5, 64.38106470808985
6, 81.44534391250737
7, 64.38106470808985
8, 82.40497507103414
10, 64.38106470808985
11, 90.01233045622688
12, 64.38106470808985
2, 81.44534391250737
3, 82.12083847102343
4, 64.38106470808985
5, 64.38106470808985
6, 81.44534391250737
7, 81.44534391250737
8, 64.38106470808985
2, 81.44534391250737
3, 73.78973891599206
4, 81.44534391250737
5, 81.44534391250737
6, 81.44534391250737
7, 64.38106470808985
8, 64.38106470808985
3, 81.44534391250737
4, 73.69323969334691
5, 64.338176164692
7, 81.44534391250737
8, 73.91304347826087
9, 64.38106470808985
4, 81.44534391250737
5, 78.82914276523884
7, 81.44534391250737
8, 81.44534391250737
9, 83.12335817294804
10, 64.38106470808985
11, 64.38106470808985
12, 82.29775371253953
14, 64.38106470808985
3, 81.44534391250737
4, 64.38106470808985
6, 81.44534391250737
7, 64.38106470808985
8, 81.44534391250737
9, 64.38106470808985
10, 85.13375864472202
11, 64.38106470808985
2, 81.44534391250737
3, 83.91143515788345
7, 64.38106470808985
8, 81.44534391250737
9, 64.38106470808985
10, 64.38106470808985
11, 81.44534391250737
12, 64.38106470808985
3, 81.44534391250737
4, 64.38106470808985
6, 81.44534391250737
7, 64.38106470808985
8, 64.38106470808985
2, 81.44534391250737
3, 83.91143515788345
4, 64.38106470808985
6, 64.38106470808985
7, 81.44534391250737
2, 81.44534391250737
3, 82.12083847102343
4, 85.31603495416287
5, 81.44534391250737
6, 81.44534391250737
7, 64.38106470808985
9, 64.38106470808985
10, 84.08298933147483
11, 64.38106470808985
12, 82.47466895405564
14, 64.38106470808985
4, 81.44534391250737
5, 69.69388302149788
6, 81.44534391250737
7, 81.44534391250737
3, 81.44534391250737
4, 78.82914276523884
2, 81.44534391250737
3, 73.78973891599206
4, 81.44534391250737
5, 81.44534391250737
6, 64.38106470808985
8, 64.38106470808985
9, 81.44534391250737
10, 64.38106470808985
11, 86.25422184099072
3, 81.44534391250737
4, 78.82914276523884
7, 81.44534391250737
8, 64.38106470808985
10, 64.38106470808985
14, 81.44534391250737
15, 81.44534391250737
3, 81.44534391250737
4, 64.38106470808985
5, 80.86634857663647
6, 81.44534391250737
7, 81.44534391250737
2, 81.44534391250737
3, 78.82914276523884
5, 64.38106470808985
6, 81.44534391250737
7, 82.33528118801266
8, 83.00005361067925
10, 87.86254221840991
11, 87.86254221840991
12, 64.38106470808985
2, 81.44534391250737
3, 82.12083847102343
4, 64.38106470808985
7, 80.86634857663647
8, 81.44534391250737
9, 81.44534391250737
11, 82.45322468235672
2, 81.44534391250737
4, 73.68251755749745
5, 81.51503779552887
6, 83.60585428617381
7, 79.05430761807752
8, 64.38106470808985
9, 81.44534391250737
10, 64.38106470808985
12, 64.38106470808985
13, 82.37280866348577
2, 81.44534391250737
3, 83.91143515788345
4, 64.38106470808985
5, 64.38106470808985
6, 81.44534391250737
7, 81.47751032005576
8, 64.38106470808985
2, 81.44534391250737
3, 78.82914276523884
4, 81.44534391250737
5, 81.44534391250737
6, 81.46142711628157
5, 81.44534391250737
6, 64.38106470808985
7, 81.44534391250737
8, 64.38106470808985
2, 81.44534391250737
3, 83.91143515788345
5, 81.44534391250737
6, 81.44534391250737
7, 64.38106470808985
3, 81.44534391250737
4, 83.16088564842117
5, 62.75130005897175
6, 81.44534391250737
7, 81.44534391250737
8, 64.38106470808985
9, 81.44534391250737
10, 82.30311478046427
2, 81.44534391250737
3, 83.91143515788345
4, 81.44534391250737
5, 81.44534391250737
6, 64.38106470808985
7, 83.39677263710931
8, 64.38106470808985
2, 81.44534391250737
3, 73.78973891599206
4, 64.38106470808985
5, 81.44534391250737
6, 64.38106470808985
8, 81.44534391250737
9, 64.38106470808985
11, 82.3781697314105
12, 64.38106470808985
13, 82.38889186725996
14, 64.38106470808985
15, 82.21197662574384
2, 81.44534391250737
3, 78.82914276523884
5, 81.44534391250737
6, 81.44534391250737
8, 81.44534391250737
9, 64.38106470808985
10, 82.43714147858253
11, 64.38106470808985
12, 82.23878196536751
13, 64.38106470808985
14, 82.24414303329223
15, 64.38106470808985
16, 82.3781697314105
17, 64.38106470808985
2, 81.44534391250737
3, 64.4239532514877
4, 81.44534391250737
5, 82.13692167479762
7, 82.2548651691417
8, 64.38106470808985
9, 64.38106470808985
11, 82.28167050876534
12, 64.38106470808985
14, 82.67302846727068
15, 64.38106470808985
2, 81.44534391250737
4, 83.91143515788345
5, 64.38106470808985
6, 64.38106470808985
7, 64.38106470808985
8, 81.47751032005576
9, 82.21197662574384
10, 64.38106470808985
11, 64.38106470808985
12, 83.5683268107007
13, 64.38106470808985
15, 85.24634107114137
2, 81.44534391250737
4, 62.75130005897175
5, 62.75130005897175
6, 81.44534391250737
7, 82.45322468235672
8, 64.38106470808985
9, 64.38106470808985
10, 87.89470862595829
11, 64.38106470808985
12, 83.86318554656087
13, 64.38106470808985
2, 81.44534391250737
3, 83.91143515788345
4, 64.38106470808985
5, 81.44534391250737
6, 81.44534391250737
7, 64.38106470808985
8, 88.8597008524098
9, 64.38106470808985
10, 90.71999142229132
2, 64.38106470808985
3, 78.82914276523884
5, 64.38106470808985
6, 81.44534391250737
7, 64.38106470808985
8, 87.70707124859273
9, 64.38106470808985
11, 90.47338229775372
12, 64.38106470808985
2, 81.44534391250737
3, 78.82914276523884
4, 81.44534391250737
5, 81.44534391250737
7, 81.44534391250737
8, 64.38106470808985
2, 81.44534391250737
3, 83.91143515788345
4, 81.44534391250737
5, 64.38106470808985
6, 81.44534391250737
7, 64.38106470808985
8, 84.34568165978664
9, 84.57084651262531
10, 64.38106470808985
8, 81.44534391250737
10, 78.82914276523884
2, 81.44534391250737
3, 78.82914276523884
6, 81.44534391250737
7, 81.44534391250737
8, 64.38106470808985
11, 81.44534391250737
12, 64.38106470808985
13, 82.7105559427438
2, 81.44534391250737
3, 80.83418216908808
4, 64.38106470808985
7, 81.44534391250737
8, 64.38106470808985
9, 82.35136439178684
10, 64.38106470808985
2, 81.44534391250737
3, 62.95502064011151
4, 81.44534391250737
5, 81.44534391250737
6, 64.38106470808985
2, 81.44534391250737
3, 66.80962847799282
6, 81.44534391250737
7, 81.44534391250737
8, 83.00005361067925
9, 86.13091727872192
10, 86.13091727872192
11, 86.13091727872192
12, 64.38106470808985
3, 81.44534391250737
4, 81.03790275022784
5, 64.38106470808985
6, 81.44534391250737
7, 64.38106470808985
8, 81.44534391250737
9, 87.89470862595829
2, 81.44534391250737
3, 78.82914276523884
5, 81.44534391250737
7, 81.44534391250737
8, 81.44534391250737
9, 64.38106470808985
10, 81.47214925213102
11, 64.38106470808985
2, 81.44534391250737
3, 83.91143515788345
4, 81.44534391250737
5, 81.44534391250737
6, 64.38106470808985
7, 64.38106470808985
8, 82.32992012008792
9, 64.38106470808985
10, 82.22805982951805
3, 81.44534391250737
4, 83.91143515788345
7, 64.38106470808985
8, 64.38106470808985
9, 81.44534391250737
10, 81.44534391250737
11, 64.38106470808985
13, 82.38353079933523
2, 81.44534391250737
5, 73.87551600278776
6, 64.38106470808985
7, 81.44534391250737
8, 64.38106470808985
4, 81.44534391250737
5, 78.82914276523884
6, 81.44534391250737
7, 81.44534391250737
8, 82.2226987615933
9, 82.24414303329223
2, 81.44534391250737
3, 83.91143515788345
5, 81.44534391250737
6, 81.44534391250737
7, 64.38106470808985
8, 82.35672545971157
9, 82.35672545971157
10, 82.35672545971157
12, 64.38106470808985
14, 83.52543826730285
2, 81.44534391250737
3, 83.91143515788345
4, 81.44534391250737
2, 81.44534391250737
3, 78.82914276523884
5, 81.44534391250737
6, 81.44534391250737
7, 64.38106470808985
8, 81.44534391250737
9, 64.38106470808985
2, 81.44534391250737
3, 73.78973891599206
4, 81.44534391250737
5, 81.44534391250737
2, 81.44534391250737
3, 73.78973891599206
5, 64.38106470808985
6, 81.44534391250737
7, 64.38106470808985
9, 81.44534391250737
10, 64.38106470808985
2, 81.44534391250737
3, 78.82914276523884
4, 81.44534391250737
5, 81.44534391250737
6, 81.44534391250737
8, 64.38106470808985
9, 85.29995175038867
10, 64.38106470808985
11, 82.3781697314105
12, 82.3781697314105
13, 64.38106470808985
3, 81.44534391250737
4, 78.82914276523884
5, 62.75130005897175
7, 64.38106470808985
8, 81.46142711628157
9, 83.35388409371147
10, 64.38106470808985
5, 81.44534391250737
6, 83.91143515788345
10, 80.83418216908808
2, 81.44534391250737
3, 84.84962204471131
4, 81.44534391250737
5, 81.44534391250737
6, 64.38106470808985
7, 83.39677263710931
8, 64.38106470808985
9, 87.0905484372487
10, 64.38106470808985
12, 87.91079182973249
