6, 92.53739344877499
3, 83.10727496917386
4, 92.58564306009757
5, 84.92467699565753
3, 83.10727496917386
9, 89.5083900713022
5, 83.10727496917386
6, 92.58564306009757
1, 81.44534391250737
5, 92.58564306009757
1, 81.44534391250737
3, 83.78813059561465
6, 92.56955985632338
6, 92.56955985632338
5, 92.58564306009757
9, 94.40840615450598
3, 81.48823245590522
4, 85.61625475794779
10, 85.17664718811987
1, 81.44534391250737
6, 92.10850801479654
1, 81.44534391250737
6, 92.62853160349542
3, 83.10727496917386
6, 86.99404921460355
3, 82.2548651691417
6, 92.5213102450008
3, 83.10727496917386
8, 82.12619953894816
5, 87.77140406368949
4, 92.62853160349542
5, 92.58564306009757
6, 92.58028199217284
6, 83.64338176164692
1, 81.44534391250737
4, 85.60017155417358
4, 85.61089369002305
3, 83.10727496917386
4, 85.62161582587251
6, 92.5910041280223
4, 88.70959095051734
6, 93.68466198466734
4, 92.5910041280223
8, 93.13783305634482
7, 83.93287942958237
3, 83.10727496917386
6, 92.58564306009757
5, 83.08046962955021
7, 93.68466198466734
3, 83.10727496917386
6, 92.5910041280223
6, 92.5213102450008
6, 87.0208545542272
3, 83.10727496917386
6, 87.88934755803356
3, 83.10727496917386
8, 92.5749209242481
8, 92.62853160349542
6, 87.38004610518415
6, 87.39076824103361
6, 92.5910041280223
6, 85.59481048624886
3, 82.2548651691417
5, 92.56955985632338
4, 81.55792633892672
6, 92.5534766525492
6, 92.5213102450008
5, 92.53203238085027
4, 85.62161582587251
4, 92.62853160349542
7, 92.54811558462445
3, 83.10727496917386
6, 87.87326435425936
7, 88.29678872031309
6, 92.62317053557068
5, 83.10727496917386
5, 87.46046212405511
6, 94.36015654318341
4, 85.59481048624886
3, 83.10727496917386
6, 94.43521149412963
8, 94.39232295073178
5, 92.60172626387177
1, 81.44534391250737
3, 83.17696885219536
8, 96.24189138476385
6, 92.58564306009757
1, 81.44534391250737
9, 94.76759770546293
3, 83.10727496917386
8, 93.7811612073125
1, 81.44534391250737
6, 89.2456977429904
7, 94.45129469790382
6, 92.58564306009757
1, 81.44534391250737
8, 87.39612930895835
8, 92.58564306009757
5, 86.43113708250684
5, 92.58564306009757
