16, 98.9492306867528
0, 53.889454779392054
30, 98.95459175467754
10, 98.95459175467754
25, 98.95459175467754
15, 98.95459175467754
14, 98.95459175467754
15, 98.95459175467754
14, 98.95459175467754
16, 98.95459175467754
11, 98.95459175467754
15, 98.95995282260226
7, 98.95459175467754
22, 98.95459175467754
19, 98.95459175467754
22, 98.95995282260226
19, 98.965313890527
16, 98.95459175467754
7, 98.95995282260226
18, 98.965313890527
19, 98.95995282260226
14, 98.95459175467754
16, 98.965313890527
23, 98.95459175467754
10, 98.95459175467754
0, 53.889454779392054
21, 98.95459175467754
25, 98.95459175467754
22, 98.95995282260226
17, 98.95459175467754
21, 98.95995282260226
12, 98.95459175467754
24, 98.95459175467754
11, 98.95459175467754
16, 98.95459175467754
14, 98.95459175467754
10, 98.95459175467754
13, 98.95459175467754
19, 98.95459175467754
7, 98.95995282260226
14, 98.95459175467754
19, 98.95459175467754
17, 98.95459175467754
15, 98.95459175467754
21, 98.95459175467754
22, 98.95459175467754
0, 53.889454779392054
13, 98.95459175467754
17, 98.95995282260226
18, 98.95459175467754
21, 98.95459175467754
27, 98.95459175467754
28, 98.95459175467754
18, 98.95459175467754
0, 53.889454779392054
17, 98.95459175467754
12, 98.95459175467754
17, 98.95459175467754
21, 98.95995282260226
19, 98.95459175467754
11, 98.95459175467754
28, 98.95459175467754
12, 98.95459175467754
9, 98.95459175467754
20, 98.95459175467754
15, 98.965313890527
24, 98.95459175467754
29, 98.965313890527
0, 53.889454779392054
11, 98.965313890527
29, 98.95995282260226
14, 98.95459175467754
8, 98.95459175467754
26, 98.95459175467754
18, 98.95459175467754
15, 98.95459175467754
13, 98.95459175467754
11, 98.95459175467754
11, 98.95459175467754
12, 98.95459175467754
12, 98.95459175467754
0, 53.889454779392054
8, 98.95459175467754
10, 98.95459175467754
22, 98.95459175467754
28, 98.95459175467754
19, 98.95459175467754
9, 98.95995282260226
10, 98.95459175467754
27, 98.95995282260226
21, 98.95459175467754
9, 98.95995282260226
14, 98.95459175467754
15, 98.95459175467754
21, 98.95459175467754
11, 98.95459175467754
0, 53.889454779392054
26, 98.95459175467754
18, 98.95459175467754
23, 98.95459175467754
