9, 83.27882914276523
1, 81.44534391250737
1, 81.44534391250737
1, 81.44534391250737
2, 83.91143515788345
1, 81.44534391250737
3, 81.7991743955396
2, 88.29142765238835
2, 83.91143515788345
2, 83.91143515788345
3, 85.34284029378652
2, 83.91143515788345
10, 83.20913525974375
8, 87.74459872406584
7, 82.0618667238514
7, 81.4667881842063
1, 81.44534391250737
1, 81.44534391250737
2, 83.91143515788345
2, 83.91143515788345
1, 81.44534391250737
3, 85.49295019567899
3, 85.19273039189406
3, 84.75312282206616
2, 83.91143515788345
2, 83.91143515788345
7, 92.03345306385032
2, 83.91143515788345
1, 81.44534391250737
2, 83.91143515788345
2, 83.91143515788345
1, 81.44534391250737
8, 85.27850747868976
7, 82.5711681767008
8, 86.01833485230257
2, 83.91143515788345
7, 82.20661555781912
1, 81.44534391250737
7, 85.43397844850695
7, 86.60269125609821
7, 84.68879000696938
2, 82.12083847102343
1, 81.44534391250737
2, 82.12083847102343
9, 83.04830322200182
9, 83.98112904090495
1, 81.44534391250737
8, 85.73955932021659
1, 81.44534391250737
3, 85.49295019567899
7, 83.58977108239961
7, 87.46582319197984
8, 85.29995175038867
3, 81.7991743955396
7, 82.26558730499116
6, 82.20661555781912
2, 83.91143515788345
1, 81.44534391250737
7, 87.34251862971104
1, 81.44534391250737
7, 90.17852356189353
2, 83.91143515788345
2, 83.91143515788345
1, 81.44534391250737
2, 83.91143515788345
8, 88.2110116335174
6, 84.31887632016297
5, 81.72411944459337
2, 83.91143515788345
2, 83.91143515788345
7, 84.05082292392645
3, 83.91143515788345
3, 83.91143515788345
8, 86.75280115799067
3, 83.91143515788345
8, 83.24130166729212
6, 82.3942529351847
8, 85.55192194285101
9, 85.66986543719509
9, 90.9612394789042
9, 89.79788773923765
8, 86.25422184099072
2, 83.91143515788345
6, 82.52291856537822
7, 82.4156972068836
9, 90.21605103736664
1, 81.44534391250737
1, 81.44534391250737
7, 91.69570578459229
7, 82.29239264461481
8, 87.41757358065726
7, 84.14196107864687
7, 82.43714147858253
2, 82.12083847102343
2, 83.91143515788345
2, 83.91143515788345
2, 83.91143515788345
7, 88.22173376936686
3, 85.49831126360371
6, 81.49359352382994
