1, 99.69441912829035
4, 99.69441912829035
3, 99.69441912829035
2, 99.69441912829035
2, 99.69441912829035
1, 99.69441912829035
1, 99.69441912829035
3, 99.69441912829035
2, 99.69441912829035
3, 99.69441912829035
2, 99.69441912829035
10, 99.69441912829035
3, 99.69441912829035
1, 99.69441912829035
1, 99.69441912829035
2, 99.69441912829035
1, 99.69441912829035
1, 99.69441912829035
1, 99.69441912829035
2, 99.69441912829035
2, 99.69441912829035
3, 99.69441912829035
5, 99.69441912829035
3, 99.69441912829035
1, 99.69441912829035
6, 99.69441912829035
1, 99.69441912829035
1, 99.69441912829035
1, 99.69441912829035
1, 99.69441912829035
3, 99.69441912829035
3, 99.69441912829035
3, 99.69441912829035
6, 99.69441912829035
2, 99.69441912829035
3, 99.69441912829035
5, 99.69441912829035
2, 99.69441912829035
3, 99.69441912829035
1, 99.69441912829035
1, 99.69441912829035
3, 99.69441912829035
4, 99.69441912829035
1, 99.69441912829035
3, 99.69441912829035
3, 99.56575349809683
1, 99.69441912829035
3, 99.69441912829035
1, 99.69441912829035
1, 99.69441912829035
1, 99.69441912829035
3, 99.69441912829035
3, 99.69441912829035
4, 99.69441912829035
1, 99.69441912829035
2, 99.69441912829035
2, 99.69441912829035
1, 99.69441912829035
4, 99.69441912829035
2, 99.69441912829035
2, 99.69441912829035
1, 99.69441912829035
3, 99.69441912829035
5, 99.69441912829035
1, 99.69441912829035
2, 99.69441912829035
1, 99.69441912829035
1, 99.69441912829035
1, 99.69441912829035
2, 99.69441912829035
3, 99.69441912829035
1, 99.69441912829035
4, 99.69441912829035
4, 99.69441912829035
1, 99.69441912829035
1, 99.69441912829035
1, 99.69441912829035
5, 99.69441912829035
3, 99.69441912829035
1, 99.69441912829035
1, 99.69441912829035
2, 99.69441912829035
2, 99.69441912829035
1, 99.69441912829035
2, 99.69441912829035
2, 99.69441912829035
1, 99.69441912829035
4, 99.69441912829035
1, 99.69441912829035
1, 99.69441912829035
1, 99.69441912829035
1, 99.69441912829035
2, 99.69441912829035
1, 99.69441912829035
2, 99.69441912829035
2, 99.69441912829035
4, 99.69441912829035
1, 99.69441912829035
2, 99.69441912829035
1, 99.69441912829035
