1, 97.1961614753659
1, 97.1961614753659
1, 97.1961614753659
1, 97.1961614753659
4, 98.26301399238729
4, 97.26585535838738
4, 98.26837506031201
4, 98.26837506031201
1, 97.1961614753659
1, 97.1961614753659
1, 97.1961614753659
1, 97.1961614753659
1, 97.1961614753659
1, 97.1961614753659
4, 97.20688361121536
4, 98.26301399238729
1, 97.1961614753659
4, 97.26585535838738
4, 98.26301399238729
4, 98.26301399238729
1, 97.1961614753659
1, 97.1961614753659
6, 98.24693078861308
1, 97.1961614753659
4, 98.26837506031201
4, 98.26301399238729
3, 98.76695437731196
4, 97.27657749423685
1, 97.1961614753659
1, 97.1961614753659
1, 97.1961614753659
4, 97.27121642631212
1, 97.1961614753659
4, 97.24441108668847
1, 97.1961614753659
4, 98.26301399238729
4, 97.25513322253794
4, 98.26301399238729
1, 97.1961614753659
1, 97.1961614753659
1, 97.1961614753659
1, 97.1961614753659
9, 98.27373612823675
1, 97.1961614753659
1, 97.1961614753659
4, 98.26301399238729
4, 98.26301399238729
4, 97.26049429046266
4, 98.26301399238729
1, 97.1961614753659
4, 97.20152254329062
4, 98.26301399238729
4, 98.26301399238729
4, 97.20152254329062
1, 97.1961614753659
1, 97.1961614753659
3, 98.76695437731196
7, 98.12898729426902
1, 97.1961614753659
1, 97.1961614753659
4, 97.28193856216159
4, 98.26301399238729
4, 97.28729963008631
8, 98.37559641880662
6, 98.44529030182812
1, 97.1961614753659
7, 98.04321020747332
1, 97.1961614753659
4, 97.20152254329062
3, 98.76695437731196
1, 97.1961614753659
4, 97.20152254329062
4, 97.27121642631212
7, 97.29266069801105
4, 98.26301399238729
7, 97.18543933951644
4, 98.26301399238729
5, 98.19868117729051
4, 97.18543933951644
4, 97.26049429046266
1, 97.1961614753659
1, 97.1961614753659
6, 97.36235458103255
1, 97.1961614753659
1, 97.1961614753659
3, 98.76695437731196
6, 98.65973301881735
4, 98.26837506031201
1, 97.1961614753659
7, 98.68117729051627
4, 98.25765292446255
4, 98.26301399238729
1, 97.1961614753659
1, 97.1961614753659
7, 98.38095748673136
4, 98.26301399238729
1, 97.1961614753659
4, 97.27121642631212
4, 98.26301399238729
1, 97.1961614753659
