3, 71.59572186779606
5, 81.8679747672403
5, 82.16372701442127
4, 69.93405886452581
4, 85.36857341982522
6, 87.14186151595683
6, 75.96020555866157
8, 79.75065077407864
7, 78.51149949069854
8, 77.93324874759496
4, 85.37179006058007
7, 79.98713343698064
5, 85.1909433692525
2, 80.08541968226737
7, 82.87674904841045
6, 74.05319711115025
4, 79.23015064600868
6, 76.0276018411439
5, 85.8155077824836
4, 82.26773173216105
6, 84.40082407272672
9, 72.26129845065137
6, 81.52422819768555
5, 79.71550599546096
4, 83.94896263335656
6, 79.36754715825107
4, 80.66906127700638
8, 73.92316993989647
5, 78.368090923712
8, 82.40735776788958
5, 81.89209957290159
4, 76.13145338551439
9, 67.15702567951536
4, 84.65662359942101
3, 82.92767919369538
3, 82.92767919369538
5, 85.1980914598188
11, 77.35395557461713
8, 81.68480494647868
8, 73.35489673987503
4, 85.38465662359943
3, 76.15933093872299
5, 81.87422934648582
4, 74.5134830858307
8, 87.71481501337288
2, 81.27200271627441
11, 73.43858896692221
5, 81.27736378419914
4, 79.94531710716775
3, 82.92767919369538
3, 77.05730981611536
5, 71.8874533140335
7, 77.50026805339624
6, 87.14492498334239
5, 82.52649261066138
4, 85.4447005843564
5, 86.39360960703372
7, 77.50093818688683
3, 83.88597008524098
12, 78.16395795273188
9, 82.30418699404922
7, 87.68696724387497
3, 82.9343805286013
5, 75.66343215568541
6, 73.41216656072176
4, 79.23015064600868
1, 76.15933093872299
6, 76.65254918779821
6, 83.89458608726287
3, 77.95394842652657
3, 83.83369967297486
11, 75.37974231133508
5, 80.66798906342143
6, 86.10487780594465
8, 81.27021569363284
4, 74.51884415375542
10, 79.5894396709279
8, 85.45840109127516
6, 82.73276608128911
5, 81.87065530120266
2, 74.91735020282707
4, 79.22371736449901
1, 76.15933093872299
4, 84.64590146357155
2, 81.27200271627441
6, 82.73736128236744
6, 77.44215790642639
3, 83.84442180882432
4, 76.13038117192944
4, 85.37500670133491
4, 84.66949016244035
2, 81.27200271627441
8, 74.42174925689642
7, 77.05328901517183
4, 81.55899855251167
6, 87.12654417902904
3, 83.83638020693722
6, 76.0207090395264
7, 87.22323486838579
3, 82.04846405403957
