4, 92.67142014689325
8, 92.67142014689325
1, 92.10314694687182
11, 92.5534766525492
13, 92.10314694687182
27, 92.51594917707607
27, 77.7890955878411
1, 92.10314694687182
22, 92.47306063367823
5, 92.67142014689325
3, 92.10314694687182
22, 92.5534766525492
6, 92.10314694687182
10, 92.60172626387177
29, 92.73575296199003
15, 92.10314694687182
23, 79.0167801426044
20, 92.51594917707607
28, 92.5534766525492
4, 92.10314694687182
2, 79.0328633463786
17, 92.5534766525492
25, 81.30595614646438
17, 93.20752693936632
27, 95.85053342625851
16, 92.5213102450008
18, 92.47306063367823
6, 92.16747976196858
24, 96.9870798263014
1, 92.10314694687182
18, 92.51594917707607
7, 92.10314694687182
10, 77.84806733501314
20, 81.2577065351418
30, 92.5534766525492
30, 92.62317053557068
28, 92.5534766525492
22, 92.5534766525492
6, 92.59636519594703
12, 93.18072159974267
5, 92.67142014689325
6, 92.59636519594703
15, 93.20752693936632
18, 96.90666380743043
13, 92.59636519594703
4, 92.10314694687182
10, 92.59636519594703
16, 93.09494451294698
13, 92.59636519594703
22, 77.85878947086259
21, 93.06813917332333
9, 92.6446148072696
3, 92.10850801479654
15, 92.60172626387177
20, 93.0466949016244
17, 92.51594917707607
24, 92.44089422612984
21, 92.5749209242481
14, 92.59636519594703
4, 92.10314694687182
8, 79.04358548222805
30, 92.5910041280223
4, 92.10314694687182
18, 92.59636519594703
28, 92.5534766525492
8, 79.07575188977644
6, 92.10314694687182
16, 92.59636519594703
26, 93.21288800729106
17, 96.54747225647348
9, 92.59636519594703
18, 92.5534766525492
8, 92.10314694687182
3, 92.10314694687182
16, 92.62317053557068
24, 93.19144373559213
13, 92.59636519594703
29, 92.10314694687182
2, 92.10314694687182
12, 92.59636519594703
14, 79.00069693883022
17, 92.5534766525492
23, 92.10314694687182
24, 92.5534766525492
2, 92.67142014689325
7, 81.2577065351418
24, 93.20752693936632
9, 92.59636519594703
11, 92.5534766525492
12, 92.6446148072696
5, 92.67142014689325
26, 92.10314694687182
9, 92.10314694687182
30, 93.21288800729106
27, 79.29019460676567
12, 92.10850801479654
11, 92.10314694687182
8, 92.10314694687182
4, 92.10314694687182
21, 93.66857878089316
