4, 74.17680802015761
4, 75.55889133115316
4, 80.22945370717846
3, 74.06315338015332
3, 75.50930145284941
4, 81.91175682195893
3, 75.47043371039511
4, 77.50710341500027
3, 75.5173430547365
4, 68.36969924408942
3, 70.7741382083311
4, 69.16849836487428
3, 69.56655765828553
4, 80.6508336460623
4, 82.68375060312015
4, 76.7897925266713
5, 84.1392805446845
3, 78.4217016029593
3, 74.54162869243554
3, 74.567093765078
4, 80.61652281134403
3, 69.7381118318769
3, 77.11226076234387
4, 83.13515252238246
5, 80.72159974266874
3, 74.14893046694901
3, 75.30424060472846
5, 80.96731535588556
3, 74.69978019621509
5, 76.84197358780536
4, 80.04288854339785
4, 80.11043799924946
3, 71.01270573098161
3, 78.6227416501367
3, 77.4178416340535
4, 82.77703318501045
4, 72.81295234010615
3, 78.8546078378813
6, 81.8910784171064
3, 76.73564574063154
4, 74.6764595507425
4, 81.0110974106042
4, 82.87138798048571
4, 74.97667935452742
3, 77.95662896048893
3, 75.52002358869886
3, 75.50930145284941
4, 82.10475526724923
3, 75.880555406637
3, 78.70449793598885
7, 78.7929555567469
3, 73.39972122446791
3, 78.78357368787863
3, 75.04958987830376
6, 76.84861110047407
3, 72.53658928858628
4, 77.06320699083257
3, 73.93716828392216
4, 70.2031844743473
3, 73.23486838578245
3, 75.73178577172573
3, 74.09129898675816
4, 76.67184903232724
4, 80.61759502492896
3, 74.44512946979039
4, 79.23551171393342
3, 70.37875944888222
4, 79.93673939848819
3, 78.43108347182759
3, 74.52420522168016
4, 76.37055701495738
3, 78.57181150485177
3, 78.21530048785718
3, 78.40963920012867
5, 81.43015422005396
3, 78.48469415107489
5, 74.04885719902072
3, 71.80078271591701
3, 70.66557658285531
3, 78.43644453975232
3, 75.0
4, 67.86361443199485
3, 73.33538840937115
3, 69.18592183562966
3, 75.39135795850534
4, 81.5043156596794
3, 77.27309280008578
5, 81.70982326346075
4, 82.3942529351847
2, 67.65667721010026
3, 75.36723315284405
3, 74.98659733018818
3, 76.06015118211548
3, 74.04438964241677
3, 76.09901892456978
3, 75.95561035758323
3, 74.20522168015869
3, 77.36959202273093
3, 78.30375810861524
3, 75.55218999624725
