28, 97.11574545649493
22, 97.1103843885702
10, 97.26585535838738
22, 96.2686967243875
27, 97.1961614753659
27, 96.33302953948427
25, 97.08357904894655
29, 98.38631855465609
28, 97.1961614753659
20, 96.2686967243875
19, 97.08894011687129
14, 97.08894011687129
26, 96.87985846780678
12, 92.10314694687182
28, 97.09430118479601
26, 97.09430118479601
11, 92.10314694687182
26, 97.1800782715917
29, 97.08894011687129
18, 97.08894011687129
16, 92.10314694687182
29, 97.74299040368841
25, 95.19648313944138
22, 92.65533694311907
15, 97.1961614753659
29, 96.2686967243875
11, 97.24441108668847
20, 95.13215032434461
21, 96.25261352061331
14, 97.09430118479601
27, 97.17471720366697
25, 97.14791186404332
25, 97.19080040744116
22, 97.19080040744116
29, 97.1800782715917
30, 96.2686967243875
12, 97.09966225272075
24, 97.1961614753659
23, 97.13182866026912
19, 97.08894011687129
17, 97.08894011687129
12, 97.10502332064547
22, 97.08894011687129
25, 97.1961614753659
25, 96.94955235082828
20, 96.94955235082828
22, 98.01640486784967
24, 96.97099662252721
24, 96.2686967243875
30, 96.26333565646277
30, 98.08609875087117
14, 97.08894011687129
28, 97.09430118479601
18, 97.08894011687129
20, 96.2686967243875
25, 98.06465447917225
16, 97.08894011687129
26, 97.1264675923444
28, 97.20688361121536
30, 97.26049429046266
27, 97.1800782715917
23, 97.12110652441966
28, 97.28729963008631
29, 97.08894011687129
18, 97.1961614753659
11, 97.08894011687129
25, 97.09430118479601
14, 91.83509355063529
17, 97.08894011687129
15, 92.10314694687182
14, 97.1961614753659
21, 97.08894011687129
19, 96.94955235082828
13, 95.27153809038761
23, 97.08894011687129
30, 97.16935613574223
18, 97.08894011687129
17, 97.04605157347343
24, 98.41312389427974
30, 97.03532943762397
25, 79.0167801426044
19, 97.10502332064547
24, 97.1800782715917
28, 98.54715059239801
24, 97.08894011687129
16, 97.08894011687129
14, 97.08894011687129
26, 96.27405779231223
24, 96.25797458853803
29, 97.15327293196805
14, 95.13215032434461
14, 97.08894011687129
18, 97.06749584517236
19, 97.19080040744116
29, 97.10502332064547
16, 97.15327293196805
14, 97.08894011687129
21, 97.08894011687129
24, 96.2686967243875
27, 97.16399506781751
