8, 89.90510909773226
3, 79.24194499544309
6, 78.64686645579799
6, 81.94392322950732
4, 87.44437892028093
7, 83.38068943333512
6, 92.80544684501153
9, 81.30059507853964
10, 83.50399399560392
4, 93.53991315069962
4, 79.61721975017423
3, 79.29019460676567
3, 80.49107382190532
4, 81.02718061437838
2, 79.60113654640004
4, 80.65726692757197
4, 82.27094837291588
5, 84.52795796922747
4, 83.08583069747493
6, 79.17225111242159
5, 86.96188280705516
4, 89.631694633571
5, 84.82281670508765
4, 84.4100144748834
9, 81.82061866723852
5, 88.9830054146786
4, 83.33243982201255
5, 93.8883825658071
6, 85.2677853428403
6, 83.33243982201255
3, 82.39961400310942
6, 83.67018710127057
4, 83.50935506352866
6, 83.45038331635662
4, 80.72159974266874
5, 75.27475473114244
9, 82.51219642952876
8, 78.86667024071195
11, 78.05714898407763
6, 91.12207151664612
9, 87.21921406744224
5, 83.79885273146411
4, 90.56452045247413
8, 83.08046962955021
7, 90.76287996568917
6, 80.8180989653139
7, 90.23749530906557
8, 78.85058703693775
4, 78.71119927089477
5, 92.58028199217284
5, 84.4100144748834
7, 81.82597973516324
5, 91.95303704497935
4, 80.50179595775478
6, 88.31823299201201
4, 82.74808341821691
4, 82.94108186350721
8, 90.9612394789042
3, 79.9067174181097
6, 80.39457459926017
7, 83.64874282957165
5, 79.14008470487322
7, 92.76791936953842
6, 91.70642792044175
6, 88.3879268750335
4, 82.9732482710556
6, 90.02305259207634
7, 91.75467753176433
7, 92.00128665630193
6, 88.42009328258189
6, 87.29426901838846
7, 82.03506138422773
5, 81.25234546721707
4, 85.21417466359298
3, 79.7351632445183
9, 81.6276202219482
4, 80.57148984077628
4, 80.7323218785182
5, 85.3213960220876
8, 83.2895512786147
5, 85.03189835415215
9, 82.90891545595883
7, 82.86602691256098
6, 83.482549723905
5, 88.83289551278615
4, 90.81112957701174
4, 83.00541467860398
5, 77.93920548973355
4, 84.57084651262531
4, 80.85026537286227
8, 82.82849943708787
8, 82.69983380689433
4, 83.03222001822763
4, 82.51219642952876
4, 79.36524955771189
5, 85.09087010132419
5, 90.16244035811934
6, 83.42357797673297
4, 76.10572025947569
5, 82.63550099179757
4, 81.90103468610947
4, 83.26810700691578
7, 83.25738487106632
9, 78.71656033881949
4, 84.82817777301238
4, 80.7484050822924
7, 83.58977108239961
5, 81.9600064332815
3, 80.78057148984078
6, 90.74679676191498
6, 89.04197716185064
7, 82.69983380689433
6, 83.77740845976518
7, 89.7174717203667
3, 80.89315391626012
5, 84.24382136921675
7, 82.72663914651798
5, 86.87074465233475
7, 82.16372701442127
5, 84.37784806733501
6, 92.84297432048464
8, 81.3810110974106
6, 83.58977108239961
5, 89.44405725620544
4, 86.88682785610894
5, 80.19621508604514
5, 81.51503779552887
6, 78.9631694633571
7, 91.46517986382888
7, 90.97196161475365
4, 85.13911971264676
7, 82.24414303329223
7, 82.72663914651798
7, 81.75628585214174
5, 86.55980271270037
4, 70.90012330456227
6, 82.59261244839972
8, 88.50587036937758
6, 79.86918994263657
7, 82.42641934273307
4, 84.19021068996945
3, 78.34664665201308
6, 90.99340588645258
3, 72.57813756500295
9, 77.79981772369057
4, 85.75564252399077
3, 79.57969227470112
7, 83.52007719937812
3, 81.22554012759342
12, 79.02750227845387
6, 82.71591701066852
10, 83.31099555031362
3, 79.07575188977644
5, 90.40368841473222
6, 82.7802498257653
6, 82.9035543880341
5, 82.43178041065781
7, 82.63550099179757
3, 79.2955556746904
6, 80.75912721814186
4, 93.31474829786093
6, 82.95716506728141
5, 86.3024714523133
5, 78.86667024071195
7, 89.83005414678604
7, 78.9631694633571
4, 79.74052431244304
10, 83.24130166729212
4, 79.16152897657213
5, 83.25738487106632
7, 84.05082292392645
3, 78.63614431994853
6, 83.47718865598027
6, 79.16689004449687
4, 86.78496756553905
9, 81.44534391250737
4, 85.78244786361444
4, 90.44121589020533
4, 80.23910362944298
5, 85.57872728247467
3, 79.35452742186243
6, 85.83069747493701
4, 78.72192140674423
7, 82.77488875784056
8, 82.64622312764703
5, 84.17948855411998
7, 90.04449686377527
4, 78.05714898407763
4, 81.5364820672278
8, 83.42357797673297
4, 84.35104272771136
7, 82.55508497292661
6, 93.25577655068889
5, 83.57904894655016
4, 86.22205543344234
6, 87.33179649386157
4, 82.51219642952876
4, 75.20506084812095
3, 80.80201576153969
5, 79.33844421808824
5, 84.37248699941028
5, 81.1719294483461
4, 87.60521095802284
4, 82.98397040690506
4, 79.67083042942154
6, 78.9631694633571
8, 82.48003002198038
3, 80.50715702567952
8, 82.61941778802337
5, 90.22141210529138
10, 80.79129362569024
4, 86.08266766739935
4, 81.3113172143891
5, 84.10979467109848
4, 79.98713343698064
6, 93.18608266766739
6, 80.56076770492682
4, 91.48662413552779
4, 82.28167050876534
6, 81.80989653138906
6, 78.88275344448614
4, 87.6159330938723
4, 93.10566664879644
4, 86.19525009381869
5, 82.83922157293733
12, 80.2766311049161
10, 84.2706267088404
8, 89.16528172411944
4, 89.93727550528065
7, 90.24285637699029
6, 82.78561089369002
6, 81.46142711628157
9, 80.73768294644293
5, 83.01077574652871
5, 84.4797083579049
7, 80.63582265587306
6, 83.53079933522758
5, 82.51219642952876
5, 86.80641183723797
7, 79.16689004449687
11, 80.56076770492682
3, 81.09151342947516
6, 81.21481799174396
3, 83.13408030879751
5, 83.84174127486195
11, 83.50935506352866
5, 91.00412802230204
6, 82.67302846727068
5, 80.96284779928162
8, 90.50554870530209
3, 80.00857770867957
10, 82.5175574974535
5, 92.65533694311907
8, 83.33243982201255
6, 91.25073714683965
7, 82.79633302953948
2, 79.26875033506674
5, 86.60269125609821
4, 90.79504637323755
3, 80.00857770867957
5, 82.93572079558248
7, 79.45638771243232
3, 79.52072052752908
7, 81.35420575778696
6, 82.87674904841045
5, 82.39961400310942
5, 87.00477135045301
9, 92.5749209242481
5, 79.13472363694848
4, 85.85750281456066
3, 80.51787916152898
4, 82.61941778802337
5, 82.50683536160403
4, 81.6597866294966
4, 84.08298933147483
5, 80.52860129737844
8, 83.4986329276792
3, 77.52104219160456
6, 82.74808341821691
5, 88.13059561464644
5, 82.79097196161476
3, 79.76732965206669
5, 83.58441001447488
7, 82.45858575028146
6, 89.5780839543237
4, 83.50935506352866
5, 86.90827212780786
5, 92.44089422612984
9, 80.89315391626012
5, 83.63265962579746
8, 82.53364070122768
5, 83.28419021068997
4, 83.16088564842117
5, 82.79097196161476
6, 83.65410389749638
4, 78.71656033881949
5, 92.12995228649547
8, 91.64745617326972
9, 83.47182758805555
4, 89.5083900713022
5, 88.57556425239908
4, 83.22521846351793
3, 79.07039082185172
8, 83.41285584088351
3, 79.46174878035704
4, 88.2110116335174
5, 79.17225111242159
9, 82.40497507103414
8, 82.91427652388356
5, 80.57685090870102
6, 90.56452045247413
4, 79.17225111242159
7, 82.00289497667936
5, 81.82597973516324
7, 82.90891545595883
5, 83.53079933522758
8, 83.17696885219536
4, 85.49295019567899
9, 83.39677263710931
7, 82.51219642952876
6, 90.65029753926983
8, 81.82597973516324
3, 78.28767490484104
7, 90.58596472417305
5, 74.54028842545435
4, 79.9281616898086
7, 79.44566557658285
4, 83.38068943333512
3, 78.90955878410979
3, 79.07575188977644
6, 85.08550903339945
3, 79.40813810110974
6, 82.56044604085133
7, 80.81273789738916
6, 78.9631694633571
4, 83.0268589503029
2, 71.18962097249772
5, 83.19841312389428
4, 79.14544577279794
5, 80.00321664075484
4, 84.66734573527046
3, 79.20441751996998
8, 80.48035168605587
5, 82.79097196161476
8, 82.91963759180828
4, 93.0788613091728
4, 86.84930038063582
8, 83.70235350881896
9, 79.10791829732483
5, 90.8915455958827
5, 82.81777730123841
5, 83.17160778427062
5, 82.64622312764703
5, 86.11483407494772
7, 83.64338176164692
6, 84.1473221465716
6, 83.55760467485123
8, 84.14196107864687
4, 85.66450436927036
7, 80.76984935399132
6, 87.59984989009811
6, 80.72696081059347
4, 79.98177236905592
5, 83.03758108615236
5, 82.74808341821691
8, 82.56044604085133
4, 82.14764381064708
4, 86.96188280705516
8, 88.48442609767866
2, 79.11864043317429
6, 80.83954323701282
4, 83.34316195786201
7, 82.66766739934594
5, 83.42357797673297
6, 85.7770867956897
5, 84.72095641451777
7, 83.64874282957165
6, 83.12335817294804
4, 79.11864043317429
5, 80.03538304830322
5, 85.91111349380796
4, 84.51723583337801
4, 81.42926070873318
4, 84.48506942582962
4, 82.76952768991583
10, 81.87422934648582
6, 89.90510909773226
3, 79.68691363319573
8, 82.82313836916313
4, 83.43430011258242
4, 91.67426151289337
5, 86.79568970138851
4, 81.0486248860773
13, 81.57937061062563
5, 80.4857127539806
6, 82.98933147482978
6, 91.21320967136654
4, 79.13472363694848
6, 80.76984935399132
3, 78.62006111617434
11, 81.66514769742133
5, 84.39929233903393
5, 90.98804481852785
7, 90.07666327132365
5, 82.83922157293733
4, 82.20661555781912
5, 83.43966118050716
6, 90.40904948265694
6, 89.67994424489358
3, 79.93888382565807
10, 82.74272235029218
5, 80.0139387766043
5, 91.19176539966762
4, 81.3970943011848
4, 81.67586983327078
7, 82.17444915027073
5, 89.32611376186136
6, 81.95464536535678
4, 78.7004771350453
3, 78.62542218409908
7, 82.7105559427438
9, 82.4156972068836
4, 86.7742454296896
4, 84.1473221465716
5, 88.12523454672171
4, 84.32423738808771
5, 79.33308315016352
3, 81.22017905966868
6, 83.01077574652871
5, 82.07258885970086
4, 82.32992012008792
5, 86.87074465233475
4, 83.29491234653943
7, 82.98397040690506
6, 86.68310727496917
7, 83.0965528333244
7, 81.22554012759342
4, 89.27250308261405
5, 82.98933147482978
9, 83.21449632766847
5, 86.99941028252827
7, 83.39141156918458
6, 85.7073929126682
7, 83.32171768616308
4, 83.84710234278668
5, 78.86667024071195
5, 80.00321664075484
4, 89.4547793920549
9, 83.08583069747493
3, 79.05430761807752
6, 91.0148501581515
4, 80.2766311049161
5, 83.17160778427062
4, 81.15584624457192
6, 86.98868814667883
5, 85.78244786361444
5, 79.14008470487322
7, 87.32107435801211
3, 80.95212566343216
5, 80.81273789738916
7, 83.57904894655016
6, 91.75467753176433
10, 83.1126360370986
4, 82.77488875784056
9, 83.30027341446416
8, 91.16496006004397
7, 81.74020264836756
4, 86.31319358816276
4, 89.78716560338819
9, 83.47182758805555
4, 89.10094890902268
6, 75.78941725191657
4, 86.91363319573259
4, 79.3491663539377
3, 80.9092371200343
4, 85.83069747493701
6, 81.94928429743204
5, 83.25202380314158
8, 83.4289390446577
4, 87.4926285316035
5, 78.54500616522812
4, 90.10882967887203
4, 80.7859325577655
4, 85.52511660322736
4, 91.11671044872139
7, 90.58060365624833
3, 79.23122285959363
9, 78.9631694633571
6, 91.15959899211923
10, 82.9035543880341
3, 80.18013188227094
3, 74.85659143301346
8, 83.45038331635662
8, 78.85594810486249
6, 91.42765238835577
5, 91.95303704497935
5, 83.44502224843188
6, 90.86474025625904
8, 80.5929341124752
5, 83.5683268107007
