27, 54.016971609316
23, 54.003600850622774
24, 54.002251648528386
28, 54.002961527867384
23, 54.005834628924745
21, 53.98985296052792
19, 53.98273736128237
23, 54.00047356100002
25, 54.0088416381774
28, 54.01627176547361
20, 53.98850689152517
28, 54.01349879930565
28, 54.01017123990409
21, 54.003255630339744
23, 53.9937722260941
22, 54.003435745270025
21, 53.98887822090524
26, 54.00302999616783
21, 53.9932645492073
25, 54.0065734940554
22, 53.99760849752575
26, 54.00620692530841
27, 54.00739827373613
24, 54.00139387766043
25, 54.000593841370126
20, 53.99642084893787
21, 53.99472665864131
25, 54.01007880769849
25, 54.00100623121049
17, 53.982975630967914
21, 53.98668505675421
21, 53.997163507698005
22, 53.99434523878896
25, 53.99688233280685
24, 54.00482496113226
17, 53.982975630967914
21, 53.99545771335832
19, 53.991583123358176
22, 54.004135014999335
27, 54.01333374179565
25, 54.01131597721959
21, 53.98741611147123
24, 54.00096499222645
23, 54.007621651566325
26, 54.00739827373613
22, 53.989217260774
25, 54.001624815971034
27, 54.01027027441009
26, 54.007993947949984
17, 53.97969942279169
20, 53.993102092603515
21, 53.993995603924304
24, 54.00654050286817
22, 54.00227029572117
19, 53.99319144373559
28, 54.0094317822593
24, 54.00353830483032
17, 53.97791240015011
22, 54.004368104909105
21, 53.99472665864131
20, 53.98850689152517
25, 54.0043053499334
20, 53.99693142683547
22, 53.9931797892401
20, 53.99029391416675
15, 53.978582533640704
23, 54.001367072320804
22, 53.99387905896942
21, 53.98302978316917
30, 54.017947471910595
25, 53.99729472264721
17, 53.97910374857783
24, 53.99324505441484
26, 54.00997952866285
20, 53.99105978101314
17, 53.99250641838965
22, 53.99457832869873
22, 53.99434523878896
20, 53.989783336269156
25, 53.99811950232794
21, 53.997407192603674
31, 54.022476277274436
22, 53.99504450851827
23, 53.994442359584696
20, 53.98033764516368
28, 54.01442312136164
28, 54.011835019604874
25, 54.00636729913522
22, 53.98968344059354
29, 54.01275934166086
18, 53.97777131941525
23, 53.99176182562233
19, 53.9880984292071
27, 54.01141907467968
19, 53.99077896316946
22, 53.996443047976896
25, 54.01379031626177
23, 53.996676137886666
22, 53.9875856314056
25, 54.00533632453431
