12, 73.80582211976626
10, 73.80582211976626
12, 73.7950999839168
16, 73.81118318769099
9, 73.80582211976626
11, 73.81118318769099
14, 73.7950999839168
11, 73.81118318769099
13, 73.81118318769099
13, 73.7950999839168
7, 73.81118318769099
9, 73.81118318769099
6, 73.81118318769099
12, 73.80582211976626
9, 73.81118318769099
6, 73.81118318769099
13, 73.81118318769099
6, 73.7950999839168
11, 73.81118318769099
11, 73.80582211976626
10, 73.81118318769099
10, 73.81118318769099
8, 73.80582211976626
0, 73.76829464429315
2, 73.81118318769099
8, 73.81118318769099
12, 73.81118318769099
8, 73.81118318769099
10, 73.81118318769099
9, 73.81118318769099
14, 73.7950999839168
10, 73.80582211976626
12, 73.81118318769099
10, 73.81118318769099
11, 73.7950999839168
10, 73.81118318769099
10, 73.81118318769099
12, 73.81118318769099
14, 73.81118318769099
6, 73.81118318769099
12, 73.80582211976626
10, 73.7950999839168
7, 73.81118318769099
6, 73.81118318769099
5, 73.81118318769099
1, 73.78437784806734
15, 73.81118318769099
2, 73.78437784806734
10, 73.81118318769099
12, 73.80582211976626
9, 73.7950999839168
11, 73.81118318769099
8, 73.81118318769099
10, 73.7950999839168
7, 73.7950999839168
8, 73.80582211976626
16, 73.81118318769099
3, 73.81118318769099
10, 73.81118318769099
5, 73.78437784806734
10, 73.81118318769099
5, 73.81118318769099
7, 73.78437784806734
13, 73.81118318769099
7, 73.80582211976626
6, 73.81118318769099
16, 73.81118318769099
13, 73.81118318769099
8, 73.80582211976626
7, 73.81118318769099
17, 73.81118318769099
6, 73.81118318769099
8, 73.81118318769099
6, 73.81118318769099
1, 73.7950999839168
8, 73.7950999839168
8, 73.81118318769099
8, 73.81118318769099
11, 73.80582211976626
9, 73.80582211976626
6, 73.7950999839168
8, 73.81118318769099
7, 73.80582211976626
7, 73.81118318769099
5, 73.81118318769099
3, 73.81118318769099
8, 73.81118318769099
11, 73.81118318769099
9, 73.7950999839168
12, 73.81118318769099
7, 73.81118318769099
7, 73.81118318769099
12, 73.81118318769099
5, 73.78437784806734
8, 73.78437784806734
11, 73.81118318769099
10, 73.81118318769099
9, 73.81118318769099
9, 73.78437784806734
11, 73.81118318769099
