5, 81.4346217766579
4, 81.47214925213102
9, 81.6276202219482
4, 81.49359352382994
8, 81.52575993137833
6, 81.44534391250737
6, 81.49895459175468
7, 81.64906449364713
10, 81.57937061062563
7, 81.59545381439983
6, 81.49895459175468
4, 81.39173323326007
14, 81.5364820672278
7, 81.49359352382994
8, 81.52575993137833
8, 81.55256527100198
1, 81.6061759502493
6, 81.52575993137833
8, 81.54720420307726
9, 81.64906449364713
10, 84.4636251541307
14, 84.69951214281885
6, 81.54720420307726
1, 81.6061759502493
5, 81.35956682571168
6, 81.47214925213102
7, 81.4346217766579
5, 81.41853857288372
8, 81.59545381439983
6, 81.49359352382994
6, 81.49359352382994
7, 81.59545381439983
9, 81.59545381439983
7, 81.64906449364713
10, 81.5364820672278
6, 81.54720420307726
9, 81.64906449364713
10, 81.59545381439983
9, 81.52575993137833
12, 97.09430118479601
4, 81.44534391250737
8, 81.6276202219482
8, 76.96885219535731
7, 81.44534391250737
4, 81.44534391250737
8, 81.55256527100198
4, 81.49359352382994
6, 81.6276202219482
12, 81.60081488232456
10, 84.40465340695867
6, 81.64906449364713
9, 81.53112099930306
6, 81.49895459175468
9, 81.70267517289444
7, 81.41853857288372
4, 81.44534391250737
10, 81.6061759502493
5, 81.3649278936364
4, 81.44534391250737
9, 81.64906449364713
4, 81.49359352382994
4, 81.49359352382994
6, 81.59545381439983
6, 81.5043156596794
6, 81.64906449364713
6, 81.57937061062563
6, 81.49895459175468
10, 84.0937114673243
4, 81.49359352382994
8, 81.52575993137833
8, 81.52575993137833
4, 81.59545381439983
6, 81.49359352382994
8, 81.48287138798048
9, 81.64906449364713
2, 81.31667828231383
6, 81.49895459175468
12, 81.6276202219482
4, 81.49359352382994
6, 81.54720420307726
6, 81.47751032005576
4, 81.47214925213102
12, 84.77992816168981
6, 81.57937061062563
1, 81.5900927464751
12, 84.50115262960382
2, 81.3113172143891
6, 81.52575993137833
10, 81.57937061062563
12, 81.6061759502493
4, 81.39173323326007
11, 81.73484158044282
4, 81.39173323326007
8, 81.57937061062563
4, 81.54720420307726
8, 81.59545381439983
8, 81.55256527100198
10, 81.57937061062563
4, 81.44534391250737
6, 81.55256527100198
