0, 61.7273360853482
0, 61.7273360853482
2, 61.75950249289659
1, 61.88816812309012
0, 61.7273360853482
0, 61.7273360853482
0, 61.7273360853482
0, 61.7273360853482
3, 61.818474240068625
0, 61.7273360853482
0, 61.7273360853482
0, 61.7273360853482
0, 61.7273360853482
0, 61.7273360853482
0, 61.7273360853482
0, 61.7273360853482
0, 61.7273360853482
5, 61.85600171554174
0, 61.7273360853482
3, 61.86136278346647
0, 61.7273360853482
0, 61.7273360853482
1, 61.775585696670774
0, 61.7273360853482
0, 61.7273360853482
0, 61.7273360853482
0, 61.7273360853482
1, 61.76486356082132
4, 61.83991851176754
4, 61.79166890044497
0, 61.7273360853482
0, 61.7273360853482
0, 61.7273360853482
0, 61.7273360853482
0, 61.7273360853482
0, 61.7273360853482
0, 61.7273360853482
0, 61.7273360853482
0, 61.7273360853482
0, 61.7273360853482
0, 61.7273360853482
0, 61.7273360853482
0, 61.7273360853482
1, 61.7970299683697
0, 61.7273360853482
3, 61.775585696670774
0, 61.7273360853482
0, 61.7273360853482
0, 61.7273360853482
0, 61.7273360853482
0, 61.7273360853482
0, 61.7273360853482
0, 61.7273360853482
0, 61.7273360853482
0, 61.7273360853482
0, 61.7273360853482
2, 61.780946764595505
0, 61.7273360853482
2, 61.780946764595505
7, 64.61159062885326
9, 77.66579102557229
0, 61.7273360853482
0, 61.7273360853482
0, 61.7273360853482
0, 61.7273360853482
0, 61.7273360853482
0, 61.7273360853482
0, 61.7273360853482
0, 61.7273360853482
0, 61.7273360853482
0, 61.7273360853482
15, 77.79981772369057
0, 61.7273360853482
0, 61.7273360853482
2, 61.748780357047124
0, 61.7273360853482
0, 61.7273360853482
0, 61.7273360853482
15, 77.79981772369057
0, 61.7273360853482
3, 61.81311317214389
1, 61.75950249289659
0, 61.7273360853482
0, 61.7273360853482
0, 61.7273360853482
0, 61.7273360853482
13, 77.79981772369057
0, 61.7273360853482
4, 61.88816812309012
0, 61.7273360853482
0, 61.7273360853482
0, 61.7273360853482
0, 61.7273360853482
0, 61.7273360853482
0, 61.7273360853482
0, 61.7273360853482
0, 61.7273360853482
0, 61.7273360853482
0, 61.7273360853482
0, 61.7273360853482
