0, 64.38106470808985
29, 68.82539001769152
0, 64.38106470808985
0, 64.38106470808985
0, 64.38106470808985
27, 68.79322361014314
22, 73.8487106631641
30, 69.98338068943333
0, 64.38106470808985
0, 64.38106470808985
0, 64.38106470808985
0, 64.38106470808985
0, 64.38106470808985
30, 74.03098697260495
15, 73.82190532354045
0, 64.38106470808985
13, 73.87551600278776
19, 92.47842170160295
22, 73.82190532354045
6, 68.93261137618613
0, 64.38106470808985
26, 68.71280759127218
28, 68.85219535731518
30, 68.83075108561626
16, 69.89760360263764
29, 74.0417091084544
0, 64.38106470808985
29, 68.68600225164853
24, 73.8487106631641
10, 73.82726639146517
9, 73.82190532354045
0, 64.38106470808985
11, 73.84334959523937
10, 74.11676405940064
15, 68.9272503082614
0, 64.38106470808985
0, 64.38106470808985
21, 73.83262745938991
0, 64.38106470808985
14, 73.81118318769099
20, 74.10068085562644
0, 64.38106470808985
15, 73.81654425561572
27, 68.94869457996033
9, 68.91652817241194
0, 64.38106470808985
26, 68.7503350667453
30, 68.9594167158098
7, 73.82726639146517
4, 73.82190532354045
0, 64.38106470808985
11, 73.8487106631641
0, 64.38106470808985
25, 69.97265855358387
29, 68.85219535731518
20, 73.84334959523937
0, 64.38106470808985
7, 73.81118318769099
6, 73.81654425561572
30, 68.95405564788506
21, 74.05243124430386
12, 73.83262745938991
4, 68.90044496863776
5, 73.76829464429315
0, 64.38106470808985
21, 74.45451133865866
22, 73.83262745938991
0, 64.38106470808985
0, 64.38106470808985
26, 69.97265855358387
28, 68.71280759127218
11, 74.03634804052967
17, 74.43842813488448
20, 69.98338068943333
0, 64.38106470808985
25, 68.93261137618613
21, 69.9619364177344
30, 73.85407173108884
30, 68.94869457996033
14, 68.93797244411087
25, 73.8487106631641
0, 64.38106470808985
0, 64.38106470808985
22, 68.81466788184207
0, 64.38106470808985
16, 73.82726639146517
0, 64.38106470808985
28, 70.00482496113226
0, 64.38106470808985
29, 74.0417091084544
24, 70.00482496113226
19, 73.83262745938991
27, 69.80646544791722
0, 64.38106470808985
0, 64.38106470808985
14, 69.9404921460355
0, 64.38106470808985
26, 68.87900069693883
11, 92.48914383745242
8, 73.88087707071249
