0, 53.95378759448882
0, 53.95378759448882
0, 53.95378759448882
0, 53.95378759448882
0, 53.95378759448882
0, 53.95378759448882
0, 53.95378759448882
0, 53.95378759448882
0, 53.95378759448882
0, 53.95378759448882
0, 53.95378759448882
31, 53.959148662413554
0, 53.95378759448882
0, 53.95378759448882
0, 53.95378759448882
0, 53.95378759448882
0, 53.95378759448882
0, 53.95378759448882
0, 53.95378759448882
0, 53.95378759448882
0, 53.95378759448882
0, 53.95378759448882
0, 53.95378759448882
0, 53.95378759448882
0, 53.95378759448882
0, 53.95378759448882
0, 53.95378759448882
0, 53.95378759448882
0, 53.95378759448882
0, 53.95378759448882
0, 53.95378759448882
0, 53.95378759448882
0, 53.95378759448882
0, 53.95378759448882
0, 53.95378759448882
0, 53.95378759448882
0, 53.95378759448882
0, 53.95378759448882
0, 53.95378759448882
0, 53.95378759448882
0, 53.95378759448882
0, 53.95378759448882
0, 53.95378759448882
0, 53.95378759448882
0, 53.95378759448882
0, 53.95378759448882
0, 53.95378759448882
0, 53.95378759448882
0, 53.95378759448882
0, 53.95378759448882
0, 53.95378759448882
0, 53.95378759448882
0, 53.95378759448882
0, 53.95378759448882
0, 53.95378759448882
0, 53.95378759448882
0, 53.95378759448882
0, 53.95378759448882
0, 53.95378759448882
0, 53.95378759448882
0, 53.95378759448882
0, 53.95378759448882
0, 53.95378759448882
0, 53.95378759448882
0, 53.95378759448882
0, 53.95378759448882
0, 53.95378759448882
0, 53.95378759448882
0, 53.95378759448882
0, 53.95378759448882
0, 53.95378759448882
0, 53.95378759448882
0, 53.95378759448882
0, 53.95378759448882
0, 53.95378759448882
0, 53.95378759448882
0, 53.95378759448882
0, 53.95378759448882
0, 53.95378759448882
0, 53.95378759448882
0, 53.95378759448882
0, 53.95378759448882
0, 53.95378759448882
0, 53.95378759448882
0, 53.95378759448882
0, 53.95378759448882
0, 53.95378759448882
0, 53.95378759448882
0, 53.95378759448882
0, 53.95378759448882
0, 53.95378759448882
0, 53.95378759448882
0, 53.95378759448882
0, 53.95378759448882
0, 53.95378759448882
0, 53.95378759448882
0, 53.95378759448882
0, 53.95378759448882
0, 53.95378759448882
0, 53.95378759448882
