17, 54.13070283600493
29, 54.581032541682305
28, 54.645365356779074
24, 54.90805768509087
29, 54.53814399828446
30, 54.60247681338122
28, 55.127861470004824
30, 54.76330885112314
30, 54.838363802069374
27, 54.527421862435
29, 55.66932933040262
30, 55.422720205865005
27, 54.6507264247038
30, 54.7204203077253
26, 55.127861470004824
27, 54.81155846244572
13, 54.40411730016619
30, 55.068889722832786
28, 54.91877982094033
30, 54.85444700584356
29, 54.934863024714524
28, 54.88125234546722
30, 55.28869350774674
30, 54.414839436015654
30, 55.133222537929555
28, 54.7901141907468
29, 54.747225647348955
29, 54.7901141907468
29, 54.7901141907468
30, 54.81691953037045
30, 54.94558516056399
19, 55.004556907736024
12, 55.942743794563874
28, 54.47917225111242
30, 54.7901141907468
10, 55.224360692649974
20, 54.81691953037045
9, 56.376990296467056
30, 55.127861470004824
29, 54.967029432262905
26, 54.71505923980057
30, 54.581032541682305
25, 54.24328526242427
29, 54.85444700584356
30, 54.47917225111242
17, 54.45236691148877
26, 54.934863024714524
23, 54.90805768509087
28, 54.56494933790811
27, 55.042084383209136
27, 54.747225647348955
30, 54.56494933790811
27, 55.0528065190586
27, 54.85444700584356
30, 55.37447059454243
26, 54.91877982094033
28, 55.15466680962848
21, 55.31013777944567
29, 54.97775156811237
30, 54.38267302846727
30, 54.967029432262905
30, 54.63464322092961
30, 54.56494933790811
28, 55.19219428510159
28, 54.645365356779074
15, 55.0528065190586
28, 55.01527904358548
29, 54.75258671527368
29, 54.86516914169302
17, 54.75258671527368
30, 54.774030986972605
29, 54.972390500187636
29, 54.24328526242427
29, 54.99919583981129
29, 54.774030986972605
28, 54.59175467753177
27, 55.19219428510159
16, 55.14930574170375
16, 55.5084972926607
30, 55.76582855304777
28, 54.7901141907468
30, 54.88661341339195
27, 54.45236691148877
27, 54.90805768509087
29, 54.420200503940386
30, 54.779392054897336
30, 55.09033399453171
29, 54.934863024714524
30, 54.30225700959631
28, 54.323701281295236
28, 55.042084383209136
30, 54.95094622848872
30, 54.59175467753177
30, 55.422720205865005
26, 54.23256312657482
26, 55.19219428510159
21, 54.9831126360371
30, 55.14930574170375
30, 55.38519273039189
30, 54.934863024714524
