27, 74.73864793866939
1, 92.43553315820512
17, 92.41408888650619
4, 92.43017209028038
2, 74.38481745563716
1, 92.44625529405458
24, 75.99849890098108
24, 70.26215622151933
1, 92.44089422612984
15, 92.41408888650619
29, 76.74904841044336
23, 76.04674851230365
3, 92.44625529405458
1, 92.42481102235566
1, 92.44089422612984
17, 74.0577923122286
1, 92.42481102235566
27, 92.42481102235566
27, 74.21326328204579
19, 74.90484104433604
5, 92.44625529405458
24, 75.8269447273897
30, 76.8080201576154
21, 92.40872781858147
23, 76.6686323915724
30, 76.83482549723905
1, 92.44625529405458
13, 92.398005682732
1, 92.44625529405458
17, 74.06315338015332
21, 92.41944995443092
30, 92.38728354688254
11, 92.39264461480727
30, 74.1274861952501
20, 74.07923658392752
28, 92.41944995443092
14, 92.39264461480727
20, 92.40872781858147
17, 92.40872781858147
22, 92.39264461480727
13, 92.40872781858147
22, 92.41408888650619
5, 92.42481102235566
4, 92.43017209028038
29, 92.43017209028038
29, 70.26215622151933
28, 75.89663861041119
2, 73.76829464429315
19, 74.89411890848658
24, 92.41944995443092
3, 76.84554763308851
11, 92.40872781858147
23, 76.8080201576154
4, 92.41944995443092
1, 92.44089422612984
1, 92.43017209028038
21, 92.41408888650619
20, 70.16029593094945
18, 74.67967619149735
6, 76.70615986704551
3, 74.13284726317482
29, 74.94772958773387
15, 92.40872781858147
1, 92.43553315820512
3, 92.43553315820512
27, 74.21326328204579
30, 92.41408888650619
24, 92.41408888650619
28, 92.41944995443092
1, 92.44625529405458
20, 74.85659143301346
27, 74.1114029914759
23, 74.97989599528226
29, 74.81370288961561
28, 74.22398541789525
18, 92.40872781858147
1, 92.44625529405458
30, 74.19718007827159
1, 92.44089422612984
23, 74.79225861791669
25, 74.93700745188441
29, 92.42481102235566
24, 70.26215622151933
1, 92.43553315820512
26, 70.15493486302472
29, 92.41944995443092
30, 76.66327132364768
18, 74.8297860933898
1, 92.44625529405458
26, 74.72792580281993
4, 92.43017209028038
27, 74.7761754141425
1, 92.45697742990404
20, 74.2507907575189
3, 92.43017209028038
27, 74.41162279526081
24, 70.21390661019674
1, 92.44625529405458
1, 92.44625529405458
30, 74.0577923122286
