2, 61.73805822119766
0, 61.7273360853482
0, 61.7273360853482
11, 61.74341928912239
0, 61.7273360853482
0, 61.7273360853482
0, 61.7273360853482
0, 61.7273360853482
1, 61.73269715327293
8, 61.74341928912239
0, 61.7273360853482
9, 61.76486356082132
4, 61.74341928912239
4, 61.748780357047124
0, 61.7273360853482
0, 61.7273360853482
3, 61.748780357047124
16, 61.74341928912239
0, 61.7273360853482
0, 61.7273360853482
0, 61.7273360853482
6, 61.748780357047124
1, 61.74341928912239
10, 61.74341928912239
0, 61.7273360853482
5, 61.74341928912239
0, 61.7273360853482
9, 61.74341928912239
3, 61.754141424971856
0, 61.7273360853482
0, 61.7273360853482
0, 61.7273360853482
13, 61.748780357047124
0, 61.7273360853482
0, 61.7273360853482
0, 61.7273360853482
4, 61.754141424971856
0, 61.7273360853482
0, 61.7273360853482
0, 61.7273360853482
0, 61.7273360853482
17, 61.748780357047124
0, 61.7273360853482
10, 61.73805822119766
0, 61.7273360853482
0, 61.7273360853482
0, 61.7273360853482
0, 61.7273360853482
0, 61.7273360853482
9, 61.74341928912239
0, 61.7273360853482
0, 61.7273360853482
0, 61.7273360853482
0, 61.7273360853482
0, 61.7273360853482
3, 61.73269715327293
0, 61.7273360853482
0, 61.7273360853482
19, 61.74341928912239
5, 61.74341928912239
0, 61.7273360853482
0, 61.7273360853482
0, 61.7273360853482
0, 61.7273360853482
0, 61.7273360853482
0, 61.7273360853482
7, 61.74341928912239
0, 61.7273360853482
8, 61.74341928912239
6, 61.77022462874605
0, 61.7273360853482
7, 61.74341928912239
0, 61.7273360853482
0, 61.7273360853482
3, 61.748780357047124
0, 61.7273360853482
6, 61.73805822119766
28, 61.73269715327293
0, 61.7273360853482
9, 61.74341928912239
11, 61.74341928912239
0, 61.7273360853482
0, 61.7273360853482
0, 61.7273360853482
0, 61.7273360853482
16, 61.754141424971856
0, 61.7273360853482
0, 61.7273360853482
4, 61.73269715327293
8, 61.74341928912239
0, 61.7273360853482
0, 61.7273360853482
2, 61.754141424971856
1, 61.73805822119766
0, 61.7273360853482
0, 61.7273360853482
8, 61.74341928912239
0, 61.7273360853482
0, 61.7273360853482
0, 61.7273360853482
