1, 99.23872835468825
1, 99.3513107811076
4, 99.69441912829035
1, 99.43172679997856
1, 99.2816168980861
10, 99.69441912829035
1, 99.07789631694634
1, 99.41028252827964
1, 99.31914437355921
1, 99.07789631694634
1, 98.93314748297861
1, 99.34594971318286
1, 99.10470165656999
1, 99.41028252827964
1, 99.09934058864526
7, 99.68905806036562
1, 99.26553369431191
1, 99.25481155846245
1, 99.26017262638717
1, 98.77767651316142
2, 99.68905806036562
1, 99.06717418109687
1, 99.32986650940867
1, 99.06717418109687
1, 99.34594971318286
1, 99.03500777354849
1, 99.37811612073125
1, 99.27625583016138
1, 99.34058864525814
1, 99.44244893582801
1, 99.28697796601082
1, 99.10470165656999
1, 98.95459175467754
1, 99.05109097732269
1, 99.24408942261299
1, 99.44244893582801
1, 99.39956039243017
1, 99.34594971318286
1, 99.19583981129041
1, 99.3352275773334
1, 53.889454779392054
2, 99.36739398488179
1, 99.46389320752694
1, 99.23336728676352
1, 99.43708786790329
1, 99.21728408298934
1, 99.28697796601082
1, 99.44244893582801
1, 99.45853213960221
3, 99.32986650940867
1, 99.62472524526886
1, 99.46925427545168
1, 99.6676137886667
1, 99.42636573205382
1, 99.27625583016138
3, 99.68905806036562
1, 99.17439553959149
1, 99.42636573205382
1, 99.41564359620436
1, 99.41564359620436
1, 99.34594971318286
1, 99.2119230150646
8, 99.69441912829035
1, 99.1422291320431
1, 99.38883825658071
1, 99.15295126789256
1, 99.31914437355921
1, 99.43172679997856
2, 99.69441912829035
1, 99.4049214603549
1, 99.51214281884951
5, 99.36739398488179
1, 99.44244893582801
1, 99.4746153433764
1, 99.6676137886667
1, 99.43172679997856
1, 99.20656194713987
1, 99.17439553959149
1, 98.97067495845172
1, 99.50142068300005
1, 99.28697796601082
3, 99.69441912829035
1, 99.27625583016138
1, 98.60612233957004
8, 99.6676137886667
1, 99.66225272074198
1, 99.23872835468825
1, 99.63008631319359
1, 98.69726049429046
1, 99.43172679997856
5, 99.69441912829035
1, 98.97067495845172
1, 99.51214281884951
1, 99.50678175092479
1, 99.27625583016138
1, 99.2816168980861
1, 99.24945049053771
1, 99.27089476223664
1, 99.34594971318286
1, 99.29770010186029
11, 99.68905806036562
1, 99.37275505280653
1, 99.49069854715059
1, 99.05109097732269
1, 99.52822602262371
1, 99.32450544148395
6, 99.69441912829035
1, 99.51214281884951
1, 99.2816168980861
1, 99.3513107811076
1, 99.29233903393556
6, 99.69441912829035
1, 99.28697796601082
1, 99.14759019996784
1, 53.889454779392054
2, 99.68905806036562
1, 99.39419932450544
1, 99.17439553959149
1, 99.4049214603549
1, 99.46925427545168
1, 99.44244893582801
1, 99.41028252827964
1, 99.24408942261299
1, 99.16367340374202
1, 99.37811612073125
1, 99.69441912829035
1, 99.09934058864526
1, 99.28697796601082
1, 98.97603602637645
9, 99.67297485659144
1, 99.34594971318286
1, 99.41028252827964
1, 99.3352275773334
1, 99.25481155846245
1, 99.27625583016138
4, 99.69441912829035
1, 99.51214281884951
1, 98.63828874711842
1, 99.35667184903232
1, 99.69441912829035
1, 99.45853213960221
1, 98.72942690183885
1, 99.2119230150646
8, 99.69441912829035
1, 99.23336728676352
1, 99.24945049053771
1, 99.69441912829035
1, 98.75087117353777
3, 99.6836969924409
1, 99.23872835468825
1, 99.2119230150646
1, 99.32450544148395
1, 99.2816168980861
1, 98.69189942636574
8, 99.6836969924409
1, 99.4049214603549
1, 99.51214281884951
1, 99.49069854715059
1, 99.41564359620436
1, 99.32986650940867
1, 99.12078486034419
1, 99.44244893582801
1, 99.16903447166676
1, 99.34058864525814
1, 99.24945049053771
8, 99.12078486034419
1, 99.2816168980861
1, 99.37275505280653
1, 99.44244893582801
1, 99.51214281884951
1, 99.30306116978502
5, 99.69441912829035
1, 99.09934058864526
1, 99.44244893582801
1, 99.46389320752694
1, 99.02428563769902
1, 53.889454779392054
2, 99.46925427545168
1, 99.4049214603549
1, 99.22264515091406
1, 99.42636573205382
1, 99.49069854715059
1, 99.01356350184957
1, 99.34594971318286
1, 99.24408942261299
1, 99.51214281884951
1, 99.27625583016138
1, 99.49069854715059
10, 99.69441912829035
1, 99.4210046641291
1, 98.8956200075055
1, 99.44781000375275
14, 99.69441912829035
1, 99.0886184527958
3, 99.68905806036562
1, 99.22264515091406
1, 99.24408942261299
1, 99.44244893582801
1, 99.34058864525814
1, 99.3513107811076
1, 99.51214281884951
1, 99.42636573205382
9, 99.69441912829035
1, 99.03500777354849
5, 99.6676137886667
1, 99.41028252827964
1, 98.83128719240872
1, 99.15295126789256
9, 99.68905806036562
1, 99.52822602262371
1, 99.0886184527958
2, 99.68905806036562
1, 98.80984292070981
12, 99.69441912829035
1, 99.41564359620436
1, 99.30842223770975
1, 99.51214281884951
5, 99.69441912829035
1, 99.4746153433764
2, 99.69441912829035
1, 99.4049214603549
1, 99.51214281884951
1, 99.4746153433764
1, 99.45853213960221
1, 99.43708786790329
1, 99.44244893582801
1, 99.51750388677425
1, 98.97067495845172
2, 99.69441912829035
1, 99.21728408298934
1, 99.24408942261299
1, 99.3352275773334
11, 99.69441912829035
1, 99.44781000375275
1, 99.21728408298934
1, 99.6676137886667
1, 99.47997641130114
9, 99.69441912829035
1, 99.39956039243017
10, 99.69441912829035
1, 99.65153058489251
1, 99.20120087921514
1, 99.14759019996784
1, 99.6676137886667
1, 99.28697796601082
1, 99.34058864525814
1, 99.2816168980861
1, 99.00820243392484
1, 99.34594971318286
7, 99.68905806036562
1, 99.6676137886667
1, 99.34594971318286
1, 99.24408942261299
1, 99.45853213960221
11, 99.69441912829035
1, 99.32986650940867
1, 99.34594971318286
1, 99.15295126789256
6, 99.69441912829035
1, 99.21728408298934
1, 99.4049214603549
1, 99.44244893582801
1, 99.00284136600011
1, 99.23872835468825
1, 99.28697796601082
1, 99.31378330563449
1, 53.889454779392054
2, 99.21728408298934
1, 99.4049214603549
10, 99.69441912829035
1, 99.3352275773334
6, 99.69441912829035
1, 99.44244893582801
1, 99.28697796601082
1, 98.80448185278507
2, 99.6676137886667
1, 98.78303758108615
1, 99.39419932450544
1, 99.02428563769902
6, 99.68905806036562
1, 99.4210046641291
1, 99.44244893582801
1, 99.2816168980861
1, 99.08325738487106
1, 99.51214281884951
1, 99.45853213960221
1, 99.09397952072052
1, 99.34594971318286
1, 99.51214281884951
1, 99.4049214603549
1, 99.4049214603549
1, 99.11006272449472
1, 99.34058864525814
1, 99.22800621883879
1, 99.32450544148395
1, 99.19583981129041
5, 99.69441912829035
1, 99.41028252827964
1, 99.47997641130114
12, 99.69441912829035
1, 99.50142068300005
4, 99.69441912829035
1, 99.41564359620436
1, 99.28697796601082
1, 99.17439553959149
1, 99.6676137886667
1, 99.65689165281724
1, 99.4746153433764
1, 99.44244893582801
12, 99.69441912829035
1, 99.19047874336567
1, 99.46389320752694
1, 99.47997641130114
1, 99.36203291695706
1, 99.34594971318286
1, 99.46389320752694
4, 99.34058864525814
1, 99.34594971318286
1, 99.2119230150646
1, 99.12078486034419
4, 99.68905806036562
1, 99.23872835468825
1, 99.00284136600011
1, 98.82056505655926
1, 99.38347718865597
1, 99.13686806411837
1, 99.44244893582801
7, 99.69441912829035
1, 98.83128719240872
1, 98.86881466788184
3, 99.69441912829035
1, 99.17439553959149
1, 99.12078486034419
7, 99.69441912829035
1, 98.7562322414625
1, 99.38347718865597
1, 99.44244893582801
1, 99.13686806411837
1, 99.62472524526886
1, 99.27089476223664
9, 99.69441912829035
1, 99.49069854715059
4, 99.69441912829035
1, 98.92242534712915
1, 99.27625583016138
1, 99.05645204524741
4, 99.68905806036562
1, 99.30842223770975
1, 98.72406583391411
1, 98.98675816222591
1, 99.18511767544095
1, 99.42636573205382
6, 99.69441912829035
1, 99.2816168980861
1, 99.3513107811076
1, 98.70798263013992
1, 99.27625583016138
8, 99.69441912829035
1, 99.42636573205382
1, 99.46389320752694
1, 99.19047874336567
1, 99.00284136600011
1, 99.45317107167747
1, 99.23336728676352
2, 99.69441912829035
1, 99.25481155846245
1, 99.2816168980861
7, 99.13686806411837
1, 99.44244893582801
1, 99.10470165656999
1, 99.41028252827964
1, 99.06181311317215
1, 99.56039243017209
1, 99.42636573205382
1, 99.24408942261299
1, 99.26017262638717
1, 99.45317107167747
2, 99.69441912829035
1, 98.825926124484
1, 99.27625583016138
1, 98.84737039618292
1, 98.77767651316142
2, 99.6676137886667
1, 99.32986650940867
1, 53.889454779392054
2, 99.42636573205382
1, 99.20656194713987
1, 99.34058864525814
1, 99.43708786790329
1, 99.0886184527958
1, 99.05109097732269
1, 99.44244893582801
1, 99.50142068300005
1, 99.2816168980861
11, 99.69441912829035
1, 99.4049214603549
1, 99.39419932450544
1, 99.34594971318286
1, 99.1583123358173
1, 99.48533747922586
1, 99.1422291320431
2, 99.68905806036562
1, 99.34058864525814
1, 99.16367340374202
1, 99.20120087921514
1, 99.16903447166676
1, 99.45853213960221
1, 99.27625583016138
1, 99.34594971318286
1, 99.32450544148395
1, 99.34058864525814
7, 99.2119230150646
1, 99.17975660751621
13, 99.04036884147322
1, 99.12078486034419
1, 99.67297485659144
1, 99.47997641130114
1, 99.34594971318286
1, 99.65153058489251
1, 99.41564359620436
1, 99.46389320752694
1, 99.16903447166676
1, 99.11542379241945
8, 99.69441912829035
1, 98.67045515466681
3, 99.6676137886667
1, 99.47997641130114
1, 98.98675816222591
10, 99.67833592451616
1, 99.24945049053771
1, 98.55251166032274
5, 99.6676137886667
1, 99.45317107167747
1, 99.20120087921514
1, 99.13150699619364
2, 99.68905806036562
1, 99.34594971318286
5, 99.69441912829035
1, 99.18511767544095
1, 99.32450544148395
13, 99.69441912829035
1, 99.48533747922586
1, 99.09934058864526
10, 99.68905806036562
1, 99.3513107811076
1, 99.4210046641291
1, 99.39419932450544
1, 99.27089476223664
5, 99.69441912829035
1, 98.91706427920441
1, 99.1422291320431
1, 98.97067495845172
1, 99.50142068300005
1, 98.52034525277435
1, 99.41028252827964
1, 99.1583123358173
1, 99.41028252827964
1, 98.97603602637645
2, 99.6836969924409
1, 99.45317107167747
1, 99.28697796601082
1, 99.11542379241945
1, 99.51214281884951
1, 99.2816168980861
1, 99.41028252827964
1, 99.34594971318286
1, 99.23336728676352
1, 99.27089476223664
11, 99.69441912829035
1, 99.37275505280653
1, 99.04036884147322
1, 99.09934058864526
1, 99.05109097732269
1, 99.4049214603549
1, 99.16367340374202
1, 99.41028252827964
1, 99.4049214603549
1, 99.23336728676352
1, 99.34594971318286
1, 99.2119230150646
1, 99.48533747922586
2, 99.69441912829035
1, 99.47997641130114
1, 99.43708786790329
1, 99.52822602262371
1, 99.27625583016138
1, 99.25481155846245
1, 98.70798263013992
8, 99.67297485659144
1, 99.4746153433764
1, 99.43708786790329
10, 99.30842223770975
1, 99.24945049053771
1, 99.66225272074198
1, 99.24945049053771
1, 99.42636573205382
1, 99.51214281884951
1, 99.46925427545168
3, 99.69441912829035
1, 99.51214281884951
1, 99.32986650940867
1, 99.43172679997856
1, 98.54715059239801
1, 99.18511767544095
1, 99.50142068300005
1, 99.16903447166676
1, 99.42636573205382
10, 99.69441912829035
1, 99.3513107811076
1, 98.63828874711842
1, 99.24945049053771
1, 99.41028252827964
1, 99.34058864525814
1, 99.20120087921514
1, 99.10470165656999
1, 99.08325738487106
1, 99.19047874336567
6, 99.68905806036562
1, 99.43708786790329
1, 99.51214281884951
1, 98.90098107543022
1, 98.76695437731196
1, 99.45317107167747
1, 99.20656194713987
8, 99.68905806036562
1, 99.27089476223664
5, 99.69441912829035
1, 99.08325738487106
1, 99.24408942261299
3, 99.69441912829035
1, 99.20656194713987
1, 99.48533747922586
1, 99.43708786790329
1, 99.47997641130114
5, 99.69441912829035
1, 99.2816168980861
9, 99.69441912829035
1, 99.34594971318286
1, 99.22264515091406
1, 99.37275505280653
1, 98.86881466788184
1, 99.28697796601082
1, 99.34594971318286
1, 99.6676137886667
1, 99.32450544148395
1, 99.3352275773334
5, 99.69441912829035
1, 99.32986650940867
2, 99.69441912829035
1, 99.65689165281724
1, 99.32450544148395
1, 99.46925427545168
1, 99.0886184527958
1, 99.09934058864526
1, 99.68905806036562
1, 99.46389320752694
1, 99.02428563769902
1, 99.44244893582801
1, 98.91706427920441
1, 99.2119230150646
1, 99.48533747922586
1, 99.44244893582801
1, 99.52822602262371
1, 99.6676137886667
1, 99.69441912829035
1, 99.4746153433764
1, 99.34594971318286
7, 99.69441912829035
1, 98.93314748297861
1, 99.34058864525814
3, 99.69441912829035
1, 98.8956200075055
1, 99.46389320752694
1, 99.38347718865597
1, 99.65153058489251
1, 99.49069854715059
1, 99.23872835468825
1, 99.00284136600011
10, 99.68905806036562
1, 99.51214281884951
1, 99.34594971318286
1, 99.39956039243017
1, 99.43708786790329
1, 98.9492306867528
1, 99.46389320752694
1, 99.23872835468825
12, 99.68905806036562
1, 99.26553369431191
1, 99.28697796601082
1, 98.91170321127969
1, 99.50142068300005
1, 99.16367340374202
1, 98.41312389427974
1, 99.34058864525814
4, 99.69441912829035
1, 98.59003913579585
7, 99.6676137886667
1, 99.28697796601082
6, 99.69441912829035
1, 99.11006272449472
1, 99.47997641130114
