0, 77.79445665576583
0, 77.79445665576583
0, 77.79445665576583
0, 77.79445665576583
6, 77.79981772369057
0, 77.79445665576583
0, 77.79445665576583
0, 77.79445665576583
0, 77.79445665576583
0, 77.79445665576583
0, 77.79445665576583
9, 77.79981772369057
0, 77.79445665576583
0, 77.79445665576583
7, 77.79981772369057
0, 77.79445665576583
0, 77.79445665576583
0, 77.79445665576583
0, 77.79445665576583
0, 77.79445665576583
0, 77.79445665576583
0, 77.79445665576583
0, 77.79445665576583
0, 77.79445665576583
0, 77.79445665576583
0, 77.79445665576583
0, 77.79445665576583
9, 77.79981772369057
0, 77.79445665576583
0, 77.79445665576583
0, 77.79445665576583
0, 77.79445665576583
0, 77.79445665576583
0, 77.79445665576583
0, 77.79445665576583
0, 77.79445665576583
0, 77.79445665576583
0, 77.79445665576583
0, 77.79445665576583
0, 77.79445665576583
0, 77.79445665576583
8, 77.79981772369057
0, 77.79445665576583
0, 77.79445665576583
0, 77.79445665576583
0, 77.79445665576583
0, 77.79445665576583
8, 77.79981772369057
0, 77.79445665576583
0, 77.79445665576583
0, 77.79445665576583
0, 77.79445665576583
0, 77.79445665576583
0, 77.79445665576583
0, 77.79445665576583
0, 77.79445665576583
0, 77.79445665576583
0, 77.79445665576583
0, 77.79445665576583
0, 77.79445665576583
0, 77.79445665576583
0, 77.79445665576583
0, 77.79445665576583
17, 77.79981772369057
0, 77.79445665576583
0, 77.79445665576583
0, 77.79445665576583
0, 77.79445665576583
0, 77.79445665576583
0, 77.79445665576583
0, 77.79445665576583
0, 77.79445665576583
0, 77.79445665576583
0, 77.79445665576583
0, 77.79445665576583
0, 77.79445665576583
0, 77.79445665576583
2, 77.79981772369057
0, 77.79445665576583
0, 77.79445665576583
0, 77.79445665576583
6, 77.79981772369057
0, 77.79445665576583
0, 77.79445665576583
0, 77.79445665576583
0, 77.79445665576583
0, 77.79445665576583
0, 77.79445665576583
3, 77.79981772369057
0, 77.79445665576583
0, 77.79445665576583
0, 77.79445665576583
0, 77.79445665576583
0, 77.79445665576583
0, 77.79445665576583
0, 77.79445665576583
0, 77.79445665576583
0, 77.79445665576583
0, 77.79445665576583
0, 77.79445665576583
