13, 77.81053985954001
8, 77.79981772369057
10, 79.18833431619579
15, 77.81053985954001
10, 97.00852409800032
10, 77.79981772369057
6, 77.79981772369057
6, 79.17225111242159
4, 77.80517879161529
8, 77.79981772369057
0, 77.79445665576583
10, 77.79981772369057
12, 96.94955235082828
20, 81.67586983327078
12, 77.79981772369057
4, 78.8237816973141
8, 77.79981772369057
13, 77.81053985954001
13, 77.81053985954001
12, 77.80517879161529
17, 97.06213477724762
2, 77.79981772369057
10, 77.79981772369057
10, 77.79981772369057
14, 77.82126199538948
11, 77.80517879161529
8, 77.79981772369057
13, 77.81053985954001
8, 77.79981772369057
2, 81.39173323326007
4, 77.79981772369057
0, 77.79445665576583
7, 77.81053985954001
11, 97.06749584517236
11, 77.80517879161529
8, 77.79981772369057
6, 77.79981772369057
11, 77.80517879161529
12, 77.80517879161529
9, 77.80517879161529
17, 77.80517879161529
4, 81.37028896156114
16, 77.81590092746475
12, 77.80517879161529
15, 97.10502332064547
13, 77.81053985954001
11, 77.81053985954001
14, 77.80517879161529
4, 77.80517879161529
4, 77.79981772369057
11, 77.80517879161529
8, 77.80517879161529
0, 77.79445665576583
6, 97.12110652441966
6, 77.79981772369057
12, 79.18833431619579
14, 77.80517879161529
12, 77.81590092746475
10, 96.94955235082828
4, 81.42926070873318
16, 77.80517879161529
12, 77.80517879161529
6, 77.80517879161529
8, 77.79981772369057
10, 77.79981772369057
6, 77.79981772369057
2, 77.79981772369057
9, 81.38637216533533
10, 77.79981772369057
8, 77.80517879161529
14, 77.81053985954001
8, 77.79981772369057
10, 78.8237816973141
10, 97.14791186404332
10, 77.79981772369057
8, 77.79981772369057
12, 81.61153701817402
0, 77.79445665576583
9, 77.80517879161529
15, 77.81053985954001
10, 77.80517879161529
8, 77.79981772369057
6, 77.79981772369057
12, 79.24194499544309
2, 77.79981772369057
14, 77.81053985954001
10, 77.81053985954001
6, 77.79981772369057
20, 77.81053985954001
10, 81.58473167855037
12, 77.79981772369057
12, 77.81053985954001
8, 79.30091674261513
12, 77.81590092746475
6, 77.80517879161529
9, 79.00069693883022
13, 77.81053985954001
2, 97.14255079611858
7, 77.80517879161529
16, 97.04069050554871
