0, 77.79445665576583
29, 77.79981772369057
0, 77.79445665576583
28, 81.42926070873318
28, 77.79981772369057
10, 79.17225111242159
22, 77.80517879161529
15, 77.80517879161529
26, 77.79981772369057
5, 77.79981772369057
27, 77.79981772369057
21, 77.79981772369057
0, 77.79445665576583
11, 77.80517879161529
24, 77.79981772369057
25, 77.79981772369057
22, 77.79981772369057
17, 77.79981772369057
27, 77.80517879161529
26, 77.79981772369057
28, 77.79981772369057
23, 77.80517879161529
0, 77.79445665576583
21, 77.79981772369057
21, 77.79981772369057
9, 77.79981772369057
24, 77.80517879161529
0, 77.79445665576583
26, 77.80517879161529
29, 77.79981772369057
18, 77.81053985954001
0, 77.79445665576583
23, 77.79981772369057
19, 77.81053985954001
28, 77.80517879161529
19, 77.80517879161529
19, 77.79981772369057
16, 77.79981772369057
11, 77.79981772369057
0, 77.79445665576583
19, 77.79981772369057
16, 77.80517879161529
22, 77.80517879161529
24, 81.32203935023857
29, 77.81053985954001
9, 77.79981772369057
0, 77.79445665576583
27, 77.79981772369057
25, 77.80517879161529
13, 77.79981772369057
22, 77.80517879161529
17, 77.79981772369057
6, 77.79981772369057
12, 77.79981772369057
9, 77.79981772369057
25, 77.79981772369057
0, 77.79445665576583
27, 77.79981772369057
19, 81.48287138798048
7, 77.79981772369057
16, 77.79981772369057
26, 77.80517879161529
12, 77.79981772369057
14, 77.79981772369057
0, 77.79445665576583
17, 77.80517879161529
11, 77.80517879161529
12, 77.79981772369057
12, 77.79981772369057
21, 77.80517879161529
16, 77.79981772369057
2, 77.79981772369057
10, 77.79981772369057
21, 77.79981772369057
8, 77.79981772369057
10, 77.79981772369057
22, 77.79981772369057
19, 77.79981772369057
25, 77.79981772369057
4, 77.79981772369057
16, 77.80517879161529
12, 77.79981772369057
11, 77.79981772369057
29, 77.79981772369057
28, 77.81053985954001
7, 77.79981772369057
0, 77.79445665576583
21, 77.79981772369057
27, 77.80517879161529
0, 77.79445665576583
13, 77.80517879161529
25, 77.79981772369057
10, 77.80517879161529
0, 77.79445665576583
29, 77.80517879161529
18, 77.79981772369057
6, 77.79981772369057
24, 77.79981772369057
17, 77.79981772369057
0, 77.79445665576583
