17, 53.88409371146732
18, 53.88409371146732
22, 53.889454779392054
22, 53.889454779392054
19, 53.889454779392054
25, 53.889454779392054
28, 53.889454779392054
20, 53.889454779392054
0, 53.87873264354259
15, 53.88409371146732
24, 53.889454779392054
20, 53.889454779392054
17, 53.88409371146732
21, 53.889454779392054
16, 53.88409371146732
14, 53.88409371146732
17, 53.889454779392054
23, 53.88409371146732
0, 53.87873264354259
15, 53.88409371146732
19, 53.889454779392054
20, 53.88409371146732
26, 53.88409371146732
21, 53.88409371146732
0, 53.87873264354259
17, 53.889454779392054
19, 53.889454779392054
19, 53.889454779392054
23, 53.889454779392054
28, 53.889454779392054
26, 53.889454779392054
18, 53.889454779392054
26, 53.894815847316785
17, 53.88409371146732
20, 53.889454779392054
22, 53.889454779392054
22, 53.889454779392054
17, 53.88409371146732
0, 53.87873264354259
15, 53.88409371146732
24, 53.889454779392054
0, 53.87873264354259
20, 53.889454779392054
19, 53.88409371146732
0, 53.87873264354259
16, 53.88409371146732
21, 53.889454779392054
26, 53.889454779392054
22, 53.889454779392054
18, 53.889454779392054
23, 53.889454779392054
20, 53.889454779392054
20, 53.88409371146732
0, 53.87873264354259
22, 53.88409371146732
28, 53.894815847316785
20, 53.889454779392054
20, 53.88409371146732
17, 53.88409371146732
20, 53.889454779392054
17, 53.88409371146732
24, 53.889454779392054
21, 53.889454779392054
19, 53.889454779392054
16, 53.88409371146732
25, 53.889454779392054
14, 53.88409371146732
24, 53.889454779392054
17, 53.88409371146732
0, 53.87873264354259
19, 53.889454779392054
0, 53.87873264354259
22, 53.889454779392054
0, 53.87873264354259
16, 53.88409371146732
20, 53.889454779392054
20, 53.889454779392054
17, 53.889454779392054
11, 53.88409371146732
24, 53.889454779392054
17, 53.889454779392054
19, 53.88409371146732
20, 53.88409371146732
21, 53.88409371146732
18, 53.88409371146732
21, 53.889454779392054
0, 53.87873264354259
24, 53.889454779392054
16, 53.889454779392054
23, 53.889454779392054
0, 53.87873264354259
20, 53.889454779392054
24, 53.889454779392054
26, 53.889454779392054
19, 53.889454779392054
10, 53.88409371146732
19, 53.889454779392054
14, 53.88409371146732
20, 53.889454779392054
21, 53.889454779392054
