8, 99.67297485659144
7, 99.63008631319359
10, 99.67833592451616
8, 99.66225272074198
7, 99.72122446791401
8, 99.72122446791401
7, 99.72122446791401
8, 99.74266873961292
7, 99.74266873961292
8, 99.66225272074198
7, 99.67833592451616
7, 99.64616951696777
7, 99.74266873961292
7, 99.67297485659144
7, 99.72122446791401
7, 99.64616951696777
7, 99.72122446791401
8, 99.71586339998927
7, 99.72122446791401
7, 99.67833592451616
9, 99.72122446791401
7, 99.72122446791401
7, 99.72122446791401
8, 99.72122446791401
8, 99.74266873961292
7, 99.74266873961292
7, 99.72122446791401
7, 99.71586339998927
7, 99.72122446791401
7, 99.71586339998927
7, 99.72122446791401
6, 99.67833592451616
7, 99.74266873961292
8, 99.71586339998927
7, 99.67297485659144
9, 99.74266873961292
7, 99.74266873961292
8, 99.72122446791401
7, 99.72122446791401
6, 99.72122446791401
8, 99.71050233206455
7, 99.74266873961292
8, 99.74266873961292
7, 99.72122446791401
7, 99.72122446791401
7, 99.72122446791401
7, 99.72122446791401
6, 99.72122446791401
8, 99.72122446791401
6, 99.71586339998927
7, 99.72122446791401
7, 99.67297485659144
6, 99.72122446791401
8, 99.71586339998927
8, 99.72122446791401
7, 99.72122446791401
8, 99.72122446791401
8, 99.72122446791401
7, 99.66225272074198
7, 99.71050233206455
9, 99.67833592451616
7, 99.72122446791401
7, 99.67297485659144
7, 99.72122446791401
6, 99.72122446791401
7, 99.72122446791401
10, 99.71050233206455
6, 99.72122446791401
6, 99.72122446791401
8, 99.72122446791401
7, 99.72122446791401
7, 99.72122446791401
8, 99.72122446791401
6, 99.72122446791401
7, 99.74266873961292
7, 99.66225272074198
8, 99.67297485659144
7, 99.72122446791401
7, 99.61936417734412
7, 99.72122446791401
7, 99.66225272074198
6, 99.72122446791401
8, 99.71586339998927
7, 99.63008631319359
7, 99.72122446791401
6, 99.74266873961292
8, 99.66225272074198
6, 99.72122446791401
8, 99.67833592451616
7, 99.72122446791401
9, 99.74266873961292
5, 99.72122446791401
7, 99.63008631319359
7, 99.67833592451616
7, 99.72122446791401
8, 99.66225272074198
5, 99.72122446791401
6, 99.72122446791401
9, 99.72122446791401
7, 99.67833592451616
