1, 77.80517879161529
1, 77.79981772369057
4, 97.13718972819386
8, 81.5203988634536
3, 81.37028896156114
2, 97.13718972819386
9, 81.66514769742133
4, 97.06213477724762
4, 97.13718972819386
9, 97.08357904894655
7, 97.12110652441966
8, 97.11574545649493
3, 96.86913633195732
9, 84.57620758055005
2, 81.52575993137833
7, 97.14255079611858
4, 97.0567737093229
6, 97.13718972819386
4, 96.99244089422614
3, 97.12110652441966
7, 81.51503779552887
7, 81.66514769742133
5, 97.08357904894655
8, 97.04069050554871
7, 97.12110652441966
3, 97.11574545649493
5, 97.09430118479601
5, 97.08357904894655
4, 81.6597866294966
5, 97.06213477724762
2, 81.56328740685144
3, 77.80517879161529
6, 91.50806840722672
2, 81.6597866294966
5, 97.01388516592505
3, 81.6597866294966
5, 97.08357904894655
2, 97.13718972819386
4, 97.12110652441966
2, 97.09430118479601
8, 97.12110652441966
0, 77.79445665576583
2, 81.37028896156114
2, 97.03532943762397
5, 96.99244089422614
4, 97.06213477724762
1, 77.79981772369057
8, 97.13718972819386
4, 81.37028896156114
0, 77.79445665576583
5, 97.01388516592505
1, 77.79981772369057
10, 81.66514769742133
5, 81.61689808609876
4, 97.00852409800032
5, 97.13182866026912
6, 97.04069050554871
5, 96.477778373452
4, 96.95491341875301
3, 81.56328740685144
2, 97.06213477724762
4, 81.42389964080844
2, 96.96027448667775
2, 77.79981772369057
6, 97.09966225272075
2, 97.13718972819386
4, 97.13718972819386
7, 96.94419128290356
2, 97.13718972819386
2, 81.42389964080844
6, 97.01388516592505
3, 97.09430118479601
2, 97.13718972819386
5, 97.13718972819386
3, 96.95491341875301
6, 96.71902643006487
5, 97.12110652441966
3, 97.00852409800032
5, 97.04605157347343
7, 97.09430118479601
3, 97.03532943762397
3, 97.03532943762397
2, 81.56328740685144
7, 81.3113172143891
5, 97.13182866026912
7, 81.3113172143891
7, 81.66514769742133
1, 77.80517879161529
6, 96.99244089422614
2, 77.79981772369057
1, 77.79981772369057
3, 97.12110652441966
6, 81.61689808609876
1, 77.79981772369057
1, 77.79981772369057
5, 81.37028896156114
4, 97.12110652441966
2, 97.09430118479601
4, 97.00852409800032
4, 81.61689808609876
