3, 63.28874711842599
1, 76.59625797458854
0, 53.87873264354259
8, 55.526367519076466
3, 76.41666219911006
1, 76.59357744062618
0, 53.87873264354259
1, 76.05479011419075
0, 53.87873264354259
5, 76.65165567647742
3, 76.45821047552673
1, 76.69007666327133
1, 76.69007666327133
3, 63.20565056559266
9, 71.0009113815472
1, 76.7222430708197
1, 76.41666219911006
1, 76.42202326703479
1, 76.13788666702408
3, 63.34101753069211
1, 76.05479011419075
7, 63.18085562644079
5, 58.89401168712808
1, 76.75440947836809
9, 55.282260226237064
5, 76.6454010972319
3, 76.55336943119069
1, 76.41934273307243
1, 76.41666219911006
9, 60.54307618077521
3, 76.4139816651477
1, 76.13788666702408
1, 76.41934273307243
1, 76.05479011419075
1, 76.13788666702408
0, 53.87873264354259
1, 76.13788666702408
1, 76.67935452742186
9, 60.49375435586769
1, 76.13788666702408
1, 76.05479011419075
1, 76.13788666702408
1, 76.13788666702408
1, 76.7222430708197
3, 63.20699083257385
1, 76.05479011419075
1, 76.13788666702408
0, 53.87873264354259
1, 76.41666219911006
0, 53.87873264354259
3, 76.36171125288158
3, 76.32552404438964
1, 76.05479011419075
1, 76.13788666702408
1, 76.40057899533588
3, 76.57213316892725
0, 53.87873264354259
18, 55.36346629722325
0, 53.87873264354259
11, 58.86005825693812
3, 76.40996086420415
1, 76.13788666702408
1, 76.05479011419075
0, 53.87873264354259
1, 76.13788666702408
0, 53.87873264354259
1, 76.05479011419075
1, 76.59625797458854
7, 63.16008148823246
11, 54.341571507711
1, 76.05479011419075
1, 76.57749423685198
1, 76.05479011419075
3, 63.06626279954967
1, 76.05479011419075
9, 60.54629282153005
11, 54.34112475205061
5, 58.682249504101215
3, 76.23840669061278
5, 67.54945585160564
1, 76.05479011419075
1, 76.41666219911006
3, 76.27995496702943
5, 67.66561232330814
1, 76.40325952929824
1, 76.13788666702408
1, 76.69007666327133
1, 76.41666219911006
1, 76.76513161421755
3, 63.02605479011419
1, 76.42202326703479
1, 76.7222430708197
7, 56.600814882324556
3, 76.65925052270413
1, 76.13788666702408
7, 56.533801533265425
1, 76.75440947836809
3, 63.20565056559266
3, 63.20565056559266
1, 76.59625797458854
