2, 92.2035310660903
2, 90.4432060830165
2, 91.39628144367481
2, 92.26081974897141
2, 92.26081974897141
4, 91.41190562991511
2, 92.14103432112911
6, 91.6566845476798
2, 85.02161345763241
2, 91.40669756783501
2, 85.01119733347221
2, 85.01119733347221
2, 85.02161345763241
2, 91.39628144367481
6, 93.55241914483621
2, 92.13582625904901
2, 91.40148950575491
2, 92.26081974897141
2, 91.39628144367481
2, 85.01119733347221
2, 91.39628144367481
2, 91.39628144367481
2, 92.26081974897141
2, 91.40148950575491
2, 92.26081974897141
2, 91.40148950575491
2, 85.01119733347221
2, 92.26081974897141
2, 85.01119733347221
2, 92.26081974897141
2, 91.39628144367481
2, 91.40148950575491
2, 91.40148950575491
2, 91.39628144367481
2, 92.14103432112911
2, 90.46924639341701
2, 92.26081974897141
2, 85.01119733347221
8, 91.6618926097599
2, 85.01119733347221
2, 91.39628144367481
2, 91.40148950575491
2, 91.40148950575491
2, 91.40148950575491
2, 92.14103432112911
2, 92.1826988177699
2, 85.01119733347221
2, 92.15145044528931
2, 92.26081974897141
2, 91.39628144367481
2, 90.4432060830165
2, 85.02682151971251
2, 92.26081974897141
2, 92.14103432112911
4, 91.41190562991511
2, 91.39628144367481
2, 91.39628144367481
6, 93.55241914483621
2, 92.26081974897141
2, 92.26081974897141
2, 85.01119733347221
2, 91.39628144367481
2, 92.26081974897141
2, 92.26081974897141
2, 92.26081974897141
2, 91.40148950575491
2, 92.26081974897141
2, 92.26081974897141
2, 91.39628144367481
2, 91.39628144367481
2, 91.39628144367481
2, 91.40148950575491
2, 92.26081974897141
2, 85.02161345763241
6, 91.50565074735691
2, 92.26081974897141
2, 92.26081974897141
2, 91.39628144367481
2, 92.25040362481121
6, 93.27639185459091
2, 92.26081974897141
4, 91.41190562991511
2, 91.39628144367481
2, 92.14103432112911
4, 91.41190562991511
2, 91.40148950575491
2, 91.39628144367481
2, 92.26081974897141
4, 91.41190562991511
2, 92.26081974897141
2, 85.02682151971251
2, 92.26081974897141
4, 91.41190562991511
6, 91.6566845476798
2, 92.14103432112911
2, 85.02161345763241
2, 91.39628144367481
2, 85.02682151971251
2, 91.40148950575491
2, 92.14103432112911
