39, 95.1
10, 62.4
49, 95.1
64, 95.1
48, 95.1
36, 95.1
31, 62.4
99, 95.1
105, 75.4
714, 62.4
69, 95.1
97, 95.1
43, 62.4
264, 62.4
51, 95.1
68, 75.4
93, 95.1
60, 95.1
53, 95.1
59, 75.4
33, 95.1
63, 95.1
79, 95.1
966, 62.4
482, 62.4
103, 95.1
129, 95.1
55, 62.4
63, 95.1
37, 62.4
13, 62.4
122, 95.1
113, 95.1
54, 95.1
78, 95.1
69, 95.1
6, 62.4
76, 95.1
77, 95.1
54, 95.1
83, 95.1
65, 62.9
49, 95.1
50, 95.1
41, 95.1
14, 62.4
53, 78.4
62, 95.1
903, 62.4
73, 95.1
75, 95.1
67, 95.1
68, 95.1
74, 78.4
78, 78.4
111, 95.1
92, 75.4
78, 78.4
60, 78.4
47, 95.1
94, 95.1
76, 78.4
100, 78.4
17, 95.1
76, 95.1
68, 95.1
93, 95.1
135, 95.1
69, 95.1
123, 95.1
33, 95.1
1, 62.4
28, 62.9
83, 95.1
92, 95.1
71, 78.4
47, 95.1
16, 62.4
129, 95.1
47, 95.1
75, 95.1
54, 95.1
141, 62.9
55, 75.4
80, 78.4
82, 95.1
87, 95.1
64, 62.4
62, 95.1
83, 62.9
17, 62.4
8, 62.4
90, 95.1
72, 95.1
124, 78.4
72, 95.1
31, 62.4
66, 95.1
87, 95.1
60, 95.1
