0, 2.92663
1, 0.159339
2, 0.758938
3, 0.172177
4, 0.210312
5, 0.114407
6, 0.085334
7, 0.190301
8, 0.141593
9, 0.072496
10, 0.078915
11, 0.060412
12, 0.072118
13, 0.055126
14, 0.063811
15, 0.060036
16, 0.111387
17, 0.080047
18, 0.052484
19, 0.089487
20, 0.050974
21, 0.177463
22, 0.055505
23, 0.067587
24, 0.092885
25, 0.073629
26, 0.071362
27, 0.055127
28, 0.118183
29, 0.075139
30, 0.053616
31, 0.050973
32, 0.057014
33, 0.151032
34, 0.123469
35, 0.090997
36, 0.106478
37, 0.204271
38, 0.058525
39, 0.144991
40, 0.055882
41, 0.104212
42, 0.067209
43, 0.055882
44, 0.051729
45, 0.074761
46, 0.062301
47, 0.201628
48, 0.060035
49, 0.075894
50, 0.071363
51, 0.069475
52, 0.055505
53, 0.050218
54, 0.050218
55, 0.053239
56, 0.051351
57, 0.052106
58, 0.058147
59, 0.090619
60, 0.094773
61, 0.072873
62, 0.048708
63, 0.070985
64, 0.062679
65, 0.051351
66, 0.048708
67, 0.085711
68, 0.072496
69, 0.052861
70, 0.050219
71, 0.074761
72, 0.135552
73, 0.052861
74, 0.076271
75, 0.05475
76, 0.053994
77, 0.050596
78, 0.044554
79, 0.064566
80, 0.061923
81, 0.055505
82, 0.07967
83, 0.09515
84, 0.049463
85, 0.052106
86, 0.088731
87, 0.097038
88, 0.055127
89, 0.047952
90, 0.049841
91, 0.060035
92, 0.066832
93, 0.149144
94, 0.056259
95, 0.090242
96, 0.055505
97, 0.058903
98, 0.122714
99, 0.092507
100, 0.068342
101, 0.148767
102, 0.125734
103, 0.061168
104, 0.049841
105, 0.052861
106, 0.057392
107, 0.105722
108, 0.074006
109, 0.080047
110, 0.051728
111, 0.057015
112, 0.094017
113, 0.058148
114, 0.070607
115, 0.041156
116, 0.046442
117, 0.098171
118, 0.099682
119, 0.056637
120, 0.074761
121, 0.057393
122, 0.058147
123, 0.045309
124, 0.040779
125, 0.041533
126, 0.044932
127, 0.056637
128, 0.056637
129, 0.041157
130, 0.074383
131, 0.038513
132, 0.046064
133, 0.058902
134, 0.04682
135, 0.049463
136, 0.038135
137, 0.047198
138, 0.058903
139, 0.052106
140, 0.058525
141, 0.048331
142, 0.053617
143, 0.039646
144, 0.049463
145, 0.044932
146, 0.07174
147, 0.068719
148, 0.070607
149, 0.044554
150, 0.043422
151, 0.092885
152, 0.054372
153, 0.056637
154, 0.043044
155, 0.091374
156, 0.042289
157, 0.036625
158, 0.038136
159, 0.092885
160, 0.068342
161, 0.056259
162, 0.042289
163, 0.072118
164, 0.056637
165, 0.060035
166, 0.054372
167, 0.050218
168, 0.039646
169, 0.05475
170, 0.060413
171, 0.038891
172, 0.047953
173, 0.036626
174, 0.041534
175, 0.064944
176, 0.044932
177, 0.056259
178, 0.04833
179, 0.038891
180, 0.080047
181, 0.05626
182, 0.041156
183, 0.040779
184, 0.039646
185, 0.041534
186, 0.061169
187, 0.04833
188, 0.056637
189, 0.046065
190, 0.062301
191, 0.050218
192, 0.048708
193, 0.038135
194, 0.038136
195, 0.038891
196, 0.054372
197, 0.041912
198, 0.041911
199, 0.044555
200, 0.046443
201, 0.042289
202, 0.063056
203, 0.04531
204, 0.046065
205, 0.04531
206, 0.041534
207, 0.047953
208, 0.046065
209, 0.050974
210, 0.198608
211, 0.041534
212, 0.040779
213, 0.087976
214, 0.045687
215, 0.040779
216, 0.038891
217, 0.041534
218, 0.065699
219, 0.075516
220, 0.043799
221, 0.044932
222, 0.041912
223, 0.046821
224, 0.096284
225, 0.060791
226, 0.048708
227, 0.047953
228, 0.131398
229, 0.046443
230, 0.073628
231, 0.043422
232, 0.074761
233, 0.041911
234, 0.044177
235, 0.041534
236, 0.051729
237, 0.038891
238, 0.041911
239, 0.055504
240, 0.160094
241, 0.065322
242, 0.044933
243, 0.044554
244, 0.044177
245, 0.055504
246, 0.041156
247, 0.060035
248, 0.040024
249, 0.05626
250, 0.069852
251, 0.044932
252, 0.047953
253, 0.052862
254, 0.039268
255, 0.143858
256, 0.120826
257, 0.044554
258, 0.039646
259, 0.051729
260, 0.054749
261, 0.050218
262, 0.039646
263, 0.081558
264, 0.119693
265, 0.036625
266, 0.132531
267, 0.055127
268, 0.075138
269, 0.039646
270, 0.035493
271, 0.034737
272, 0.037758
273, 0.038136
274, 0.038135
275, 0.03436
276, 0.037758
277, 0.03587
278, 0.041157
279, 0.046443
280, 0.037381
281, 0.03738
282, 0.075139
283, 0.04682
284, 0.047198
285, 0.033982
286, 0.040779
287, 0.055882
288, 0.037758
289, 0.03738
290, 0.033605
291, 0.052107
292, 0.035493
293, 0.051728
294, 0.034737
295, 0.03587
296, 0.060035
297, 0.036248
298, 0.042289
299, 0.036625
300, 0.039269
301, 0.074383
302, 0.036626
303, 0.064944
304, 0.034737
305, 0.03436
306, 0.042667
307, 0.033605
308, 0.042289
309, 0.041911
310, 0.168779
311, 0.055882
312, 0.077026
313, 0.039646
314, 0.04229
315, 0.03889
316, 0.040023
317, 0.043422
318, 0.06079
319, 0.041534
320, 0.119693
321, 0.03587
322, 0.034737
323, 0.044555
324, 0.03587
325, 0.045687
326, 0.033982
327, 0.03889
328, 0.069475
329, 0.033983
330, 0.053994
331, 0.041911
332, 0.050596
333, 0.044554
334, 0.03738
335, 0.038136
336, 0.045687
337, 0.037758
338, 0.041156
339, 0.035493
340, 0.035115
341, 0.039268
342, 0.03587
343, 0.151033
344, 0.043044
345, 0.04682
346, 0.047575
347, 0.049086
348, 0.03587
349, 0.035871
350, 0.035871
351, 0.038513
352, 0.040023
353, 0.055882
354, 0.036247
355, 0.051729
356, 0.036248
357, 0.053994
358, 0.037003
359, 0.036248
360, 0.033604
361, 0.037758
362, 0.04682
363, 0.032094
364, 0.035115
365, 0.037758
366, 0.037758
367, 0.033227
368, 0.036248
369, 0.03587
370, 0.041156
371, 0.038136
372, 0.035115
373, 0.034737
374, 0.042667
375, 0.044555
376, 0.043799
377, 0.030961
378, 0.032472
379, 0.037381
380, 0.032849
381, 0.036626
382, 0.05928
383, 0.091753
384, 0.080803
385, 0.038136
386, 0.033982
387, 0.032094
388, 0.030584
389, 0.031339
390, 0.035115
391, 0.029074
392, 0.026809
393, 0.033982
394, 0.026808
395, 0.050974
396, 0.040401
397, 0.030584
398, 0.031339
399, 0.063433
400, 0.044177
401, 0.029074
402, 0.026431
403, 0.028318
404, 0.067587
405, 0.036625
406, 0.058525
407, 0.031339
408, 0.029829
409, 0.032472
410, 0.026431
411, 0.029829
412, 0.058903
413, 0.04682
414, 0.028696
415, 0.028696
416, 0.030207
417, 0.030206
418, 0.042666
419, 0.031339
420, 0.029829
421, 0.031339
422, 0.029074
423, 0.030584
424, 0.028319
425, 0.038891
426, 0.035115
427, 0.040024
428, 0.030584
429, 0.036248
430, 0.033227
431, 0.031716
432, 0.032472
433, 0.040779
434, 0.03738
435, 0.044555
436, 0.031716
437, 0.046442
438, 0.028319
439, 0.030584
440, 0.046065
441, 0.058148
442, 0.069475
443, 0.038891
444, 0.038135
445, 0.034738
446, 0.026808
447, 0.027185
448, 0.030962
449, 0.043799
450, 0.044177
451, 0.032472
452, 0.029451
453, 0.027941
454, 0.026809
455, 0.030206
456, 0.030207
457, 0.029829
458, 0.026431
459, 0.046065
460, 0.064566
461, 0.029073
462, 0.032094
463, 0.107233
464, 0.029452
465, 0.026808
466, 0.026431
467, 0.032472
468, 0.050219
469, 0.030962
470, 0.032849
471, 0.028696
472, 0.026808
473, 0.028696
474, 0.029074
475, 0.073251
476, 0.029829
477, 0.030584
478, 0.031717
479, 0.041157
480, 0.031339
481, 0.026053
482, 0.026808
483, 0.029829
484, 0.033982
485, 0.091374
486, 0.041156
487, 0.039268
488, 0.029451
489, 0.029452
490, 0.029074
491, 0.031717
492, 0.035493
493, 0.031339
494, 0.046065
495, 0.029451
496, 0.031717
497, 0.029451
498, 0.042289
499, 0.029451
