0, 2.33496
1, 0.736283
2, 0.02341
3, 0.020767
4, 0.063811
5, 0.043422
6, 0.023788
7, 0.049841
8, 0.049086
9, 0.043044
10, 0.066832
11, 0.102702
12, 0.023033
13, 0.023032
14, 0.019634
15, 0.050218
16, 0.105722
17, 0.045309
18, 0.021144
19, 0.063433
20, 0.038891
21, 0.0219
22, 0.027185
23, 0.019634
24, 0.043044
25, 0.063056
26, 0.02039
27, 0.025298
28, 0.072874
29, 0.053617
30, 0.043799
31, 0.063056
32, 0.077404
33, 0.021522
34, 0.041911
35, 0.05777
36, 0.026053
37, 0.04833
38, 0.023788
39, 0.072118
40, 0.064944
41, 0.020011
42, 0.044554
43, 0.033228
44, 0.10459
45, 0.078914
46, 0.030962
47, 0.056637
48, 0.152543
49, 0.100059
50, 0.024165
51, 0.110254
52, 0.100437
53, 0.025298
54, 0.033605
55, 0.067964
56, 0.026053
57, 0.033983
58, 0.047575
59, 0.053616
60, 0.072118
61, 0.064944
62, 0.051351
63, 0.031717
64, 0.046443
65, 0.023032
66, 0.063056
67, 0.021522
68, 0.041534
69, 0.049463
70, 0.041912
71, 0.110632
72, 0.040779
73, 0.023033
74, 0.153675
75, 0.024165
76, 0.050219
77, 0.025676
78, 0.035493
79, 0.026053
80, 0.043422
81, 0.046065
82, 0.068342
83, 0.108366
84, 0.024165
85, 0.024921
86, 0.050596
87, 0.023032
88, 0.036625
89, 0.03738
90, 0.027185
91, 0.028696
92, 0.077782
93, 0.021145
94, 0.022655
95, 0.032849
96, 0.024166
97, 0.036626
98, 0.026053
99, 0.02341
100, 0.024166
101, 0.05777
102, 0.078537
103, 0.038513
104, 0.022278
105, 0.024543
106, 0.035492
107, 0.022277
108, 0.023788
109, 0.030961
110, 0.035115
111, 0.071363
112, 0.03436
113, 0.023787
114, 0.029829
115, 0.035492
116, 0.024165
117, 0.053239
118, 0.044932
119, 0.030206
120, 0.03285
121, 0.020767
122, 0.02794
123, 0.024165
124, 0.031339
125, 0.034737
126, 0.033982
127, 0.111764
128, 0.05928
129, 0.037381
130, 0.022277
131, 0.034737
132, 0.060413
133, 0.047575
134, 0.03587
135, 0.023033
136, 0.032849
137, 0.02341
138, 0.032849
139, 0.031717
140, 0.041534
141, 0.028696
142, 0.023788
143, 0.022277
144, 0.024166
145, 0.022655
146, 0.022655
147, 0.038891
148, 0.038136
149, 0.051728
150, 0.02341
151, 0.023033
152, 0.021144
153, 0.039268
154, 0.02341
155, 0.055505
156, 0.032094
157, 0.02341
158, 0.039268
159, 0.022277
160, 0.030961
161, 0.02341
162, 0.032094
163, 0.033605
164, 0.023788
165, 0.032094
166, 0.03134
167, 0.032472
168, 0.034738
169, 0.024543
170, 0.04531
171, 0.040779
172, 0.024165
173, 0.02341
174, 0.044932
175, 0.062679
176, 0.05928
177, 0.052484
178, 0.080425
179, 0.023032
180, 0.030961
181, 0.024165
182, 0.032849
183, 0.024543
184, 0.029828
185, 0.032094
186, 0.052861
187, 0.032849
188, 0.030206
189, 0.03285
190, 0.024165
191, 0.085333
192, 0.070986
193, 0.020012
194, 0.041534
195, 0.04531
196, 0.042666
197, 0.02492
198, 0.020012
199, 0.046065
200, 0.03738
201, 0.028319
202, 0.029074
203, 0.025298
204, 0.021522
205, 0.019256
206, 0.028696
207, 0.021145
208, 0.029074
209, 0.020767
210, 0.019634
211, 0.020012
212, 0.040401
213, 0.036248
214, 0.019257
215, 0.027941
216, 0.027941
217, 0.020012
218, 0.035871
219, 0.020012
220, 0.019634
221, 0.044555
222, 0.019257
223, 0.027941
224, 0.027941
225, 0.026808
226, 0.028696
227, 0.019635
228, 0.027186
229, 0.018879
230, 0.029451
231, 0.020767
232, 0.029451
233, 0.020767
234, 0.062301
235, 0.019257
236, 0.030207
237, 0.0219
238, 0.019256
239, 0.022277
240, 0.021144
241, 0.02341
242, 0.030206
243, 0.027941
244, 0.047198
245, 0.029073
246, 0.031717
247, 0.018879
248, 0.037003
249, 0.022278
250, 0.029452
251, 0.018879
252, 0.020011
253, 0.019257
254, 0.019257
255, 0.05475
256, 0.052484
257, 0.018124
258, 0.016991
259, 0.017369
260, 0.027941
261, 0.028697
262, 0.028696
263, 0.019256
264, 0.017369
265, 0.033605
266, 0.029829
267, 0.064189
268, 0.027564
269, 0.034737
270, 0.018501
271, 0.026808
272, 0.018502
273, 0.018879
274, 0.016992
275, 0.035493
276, 0.02492
277, 0.034738
278, 0.027564
279, 0.029073
280, 0.018879
281, 0.029829
282, 0.019634
283, 0.054749
284, 0.020012
285, 0.019256
286, 0.019635
287, 0.029074
288, 0.019634
289, 0.022277
290, 0.016991
291, 0.04682
292, 0.028697
293, 0.016991
294, 0.027186
295, 0.017369
296, 0.015858
297, 0.017369
298, 0.06721
299, 0.024165
300, 0.025676
301, 0.027563
302, 0.03436
303, 0.025676
304, 0.018124
305, 0.020389
306, 0.016991
307, 0.020011
308, 0.017747
309, 0.028318
310, 0.026431
311, 0.017368
312, 0.024543
313, 0.016991
314, 0.029451
315, 0.017369
316, 0.0219
317, 0.016235
318, 0.028319
319, 0.027941
320, 0.097794
321, 0.016991
322, 0.016991
323, 0.041156
324, 0.016614
325, 0.028318
326, 0.023788
327, 0.016991
328, 0.027563
329, 0.028319
330, 0.033605
331, 0.020389
332, 0.027564
333, 0.016991
334, 0.016236
335, 0.027185
336, 0.028319
337, 0.022655
338, 0.041911
339, 0.029074
340, 0.043799
341, 0.027941
342, 0.038514
343, 0.017369
344, 0.03587
345, 0.028318
346, 0.018879
347, 0.042666
348, 0.016614
349, 0.088732
350, 0.016991
351, 0.040023
352, 0.03738
353, 0.026808
354, 0.017746
355, 0.017369
356, 0.030206
357, 0.018501
358, 0.027564
359, 0.023787
360, 0.031717
361, 0.030584
362, 0.036247
363, 0.038891
364, 0.026431
365, 0.040779
366, 0.039646
367, 0.062301
368, 0.017746
369, 0.017369
370, 0.024543
371, 0.03738
372, 0.027564
373, 0.023032
374, 0.017369
375, 0.027186
376, 0.016613
377, 0.026809
378, 0.053617
379, 0.028318
380, 0.027941
381, 0.025676
382, 0.016992
383, 0.047952
384, 0.037003
385, 0.038136
386, 0.015481
387, 0.023787
388, 0.015104
389, 0.021522
390, 0.023788
391, 0.02492
392, 0.026431
393, 0.014725
394, 0.029451
395, 0.023787
396, 0.035115
397, 0.018501
398, 0.029452
399, 0.02039
400, 0.038891
401, 0.027941
402, 0.016991
403, 0.016991
404, 0.03285
405, 0.016236
406, 0.026431
407, 0.013593
408, 0.014348
409, 0.016992
410, 0.025676
411, 0.015104
412, 0.015859
413, 0.016236
414, 0.027186
415, 0.015858
416, 0.027186
417, 0.027186
418, 0.027186
419, 0.015858
420, 0.021145
421, 0.014726
422, 0.026809
423, 0.047197
424, 0.024921
425, 0.024921
426, 0.014726
427, 0.014348
428, 0.10459
429, 0.016991
430, 0.014348
431, 0.013593
432, 0.023033
433, 0.024543
434, 0.016613
435, 0.013593
436, 0.042289
437, 0.014348
438, 0.033227
439, 0.038891
440, 0.013593
441, 0.016236
442, 0.015103
443, 0.029829
444, 0.01548
445, 0.016613
446, 0.014348
447, 0.018501
448, 0.025675
449, 0.013593
450, 0.025298
451, 0.024165
452, 0.026431
453, 0.033983
454, 0.021145
455, 0.026053
456, 0.027186
457, 0.014725
458, 0.014348
459, 0.026808
460, 0.014725
461, 0.018879
462, 0.025675
463, 0.013593
464, 0.024921
465, 0.025675
466, 0.015103
467, 0.020011
468, 0.027185
469, 0.026808
470, 0.036248
471, 0.017368
472, 0.024543
473, 0.055127
474, 0.014725
475, 0.032095
476, 0.017368
477, 0.032471
478, 0.02492
479, 0.024543
480, 0.030207
481, 0.014726
482, 0.014348
483, 0.025676
484, 0.025297
485, 0.015858
486, 0.014348
487, 0.013971
488, 0.018501
489, 0.122714
490, 0.014725
491, 0.026808
492, 0.037002
493, 0.01397
494, 0.015481
495, 0.015481
496, 0.025298
497, 0.014726
498, 0.025676
499, 0.013593
