11, 97.38, 23.330000000000002
85, 97.26, 23.380000000000003
18, 97.26, 23.29
141, 97.38, 22.86
5, 97.36, 22.770000000000003
15, 97.6, 23.080000000000002
22, 97.07000000000001, 23.51
9, 97.35000000000001, 22.89
22, 97.36, 23.45
17, 97.49, 23.3
15, 97.22, 23.380000000000003
10, 97.36, 23.48
111, 97.34, 23.68
161, 98.75, 23.53
239, 97.46000000000001, 23.05
13, 97.13000000000001, 23.400000000000002
134, 97.2, 23.26
159, 97.43, 23.1
17, 97.48, 22.95
38, 97.37, 22.95
13, 97.23, 23.580000000000002
49, 97.39, 23.11
13, 97.18, 23.34
22, 97.34, 23.49
3, 97.41, 22.74
17, 97.36, 23.28
169, 97.19, 23.79
37, 97.35000000000001, 23.34
31, 97.44, 23.150000000000002
28, 97.28, 23.23
18, 97.56, 23.13
7, 97.33000000000001, 23.66
8, 97.48, 23.369999999999997
12, 97.41, 22.67
134, 97.46000000000001, 23.46
93, 97.68, 23.24
10, 97.34, 23.599999999999998
21, 97.43, 23.02
25, 97.39, 23.34
17, 97.36, 23.72
71, 97.33000000000001, 23.150000000000002
8, 97.34, 23.03
17, 97.32, 23.66
26, 97.37, 23.330000000000002
27, 97.24000000000001, 23.69
18, 97.23, 23.5
48, 97.35000000000001, 23.22
84, 97.34, 23.28
15, 97.32, 23.02
209, 97.43, 23.1
278, 97.28999999999999, 22.919999999999998
102, 97.11999999999999, 23.23
21, 97.44, 22.99
5, 97.34, 23.369999999999997
43, 97.28, 23.23
397, 97.52, 23.03
12, 97.54, 22.86
14, 97.5, 22.919999999999998
364, 97.33000000000001, 23.65
24, 97.39999999999999, 23.02
20, 97.05, 23.52
92, 97.35000000000001, 23.26
33, 97.35000000000001, 23.29
25, 97.27, 23.330000000000002
32, 97.38, 23.080000000000002
152, 97.11, 23.31
265, 97.22, 23.79
17, 97.42, 22.85
8, 97.24000000000001, 23.03
19, 97.34, 22.78
3, 97.37, 23.47
73, 97.41, 23.43
22, 97.28, 22.84
208, 97.49, 22.759999999999998
24, 97.28999999999999, 23.45
141, 97.37, 23.09
20, 97.25, 23.119999999999997
33, 97.48, 22.43
12, 97.39999999999999, 23.74
9, 97.42, 23.29
13, 97.47, 22.95
9, 97.63, 22.36
15, 97.50999999999999, 22.84
15, 97.34, 23.34
10, 97.45, 22.66
138, 97.55, 23.32
17, 97.36, 23.22
16, 97.14, 23.189999999999998
4, 97.3, 23.49
307, 97.27, 23.53
6, 97.36, 23.27
49, 97.31, 23.189999999999998
6, 97.23, 23.24
73, 97.38, 23.3
30, 97.39999999999999, 23.21
117, 97.23, 23.07
20, 97.26, 23.119999999999997
15, 97.36, 23.169999999999998
24, 97.41, 23.49
20, 97.45, 23.330000000000002
